,Mejor,Media,Std
0,0.0028226998082627867,0.008421946729416941,0.0024081756687095016
1,0.0027769680023241707,0.00544440889994519,0.0013368809399164532
2,0.0008579803002484531,0.002379270193467336,0.0007138483108290872
3,0.0007031897460746611,0.0011664182666387814,0.00020960214364745532
4,0.000600992079753195,0.0007728444917351055,8.879004953997563e-05
5,0.00048272303611279587,0.0005917239342464343,3.733699061002432e-05
6,0.00048162240190880085,0.000519263560029487,1.5665718696470663e-05
7,0.00046946308703455094,0.0004859958595133928,6.8469485939264745e-06
8,0.00046423092644597115,0.00047070943301246923,3.08389048894684e-06
9,0.00045799955613713114,0.0004618257908867986,1.7405949466833938e-06
10,0.00045668180482064135,0.00045813818212578556,6.65628966744103e-07
11,0.00045534248101047306,0.0004563709816381028,4.370468176945873e-07
12,0.0004546180013375817,0.0004551651138032775,2.591596910463012e-07
13,0.0004544684623511402,0.0004546164207360121,8.73483243661909e-08
14,0.00045422823370418197,0.0004543154229927297,5.4028446508294654e-08
15,0.000454118657659252,0.0004541820299072059,2.765272761786636e-08
16,0.00045406254218801874,0.0004541045064109543,1.7869885938816065e-08
17,0.0004540219699701635,0.0004540552310224726,1.2883574867437542e-08
18,0.00045401518438887976,0.000454027667894741,4.196586653388555e-09
19,0.00045400710972589724,0.0004540157197829423,2.6800639547536816e-09
20,0.00045400564864756004,0.00045400911757861276,1.2755419108484672e-09
21,0.0004540023875604811,0.0004540050789333191,1.2874669557740906e-09
22,0.0004540014516743047,0.0004540029812501215,6.397653268396624e-10
23,0.0004540010305302222,0.0004540019030572568,4.868882634497922e-10
24,0.0004540006564660042,0.0004540013271901845,3.1665055810366415e-10
25,0.00045400034141788705,0.00045400106319397083,3.404516345549075e-10
26,0.00045400015119309654,0.0004540007540448995,3.0093447207795165e-10
27,0.0004540001170303242,0.00045400060983754004,2.419890307320891e-10
28,0.0004540001170303242,0.000454000560304454,2.2381867601424167e-10
29,0.0004540001170303242,0.00045400053500615497,2.0790762250246489e-10
30,0.0004540000766137216,0.00045400049559428304,2.1098667696329384e-10
31,0.0004540000766137216,0.0004540004751884116,1.9777828379217902e-10
32,0.0004540000766137216,0.0004540004646549547,1.906795863724318e-10
33,0.0004540000766137216,0.00045400044447074805,1.799483963263341e-10
34,0.000453999809279981,0.0004540003906636,1.970687949552009e-10
35,0.000453999809279981,0.00045400037105500386,1.8230089533437415e-10
36,0.000453999809279981,0.00045400035685020453,1.7441213981137528e-10
37,0.000453999809279981,0.0004540003376045965,1.8371857308935537e-10
38,0.000453999809279981,0.0004540003350711622,1.811986229336023e-10
39,0.000453999809279981,0.0004540003350711622,1.811986229336023e-10
40,0.000453999809279981,0.00045400032771762195,1.7664781745494976e-10
41,0.000453999809279981,0.00045400030523488064,1.6462688845932822e-10
42,0.000453999809279981,0.000454000296372978,1.6046835868305242e-10
43,0.000453999809279981,0.000454000296372978,1.6046835868305242e-10
44,0.000453999809279981,0.0004540002657338733,1.7500004174833493e-10
45,0.000453999809279981,0.0004540002657338733,1.7500004174833493e-10
46,0.000453999809279981,0.0004540002657338733,1.7500004174833493e-10
47,0.000453999809279981,0.0004540002654227494,1.7463591055966635e-10
48,0.000453999809279981,0.0004540002654227494,1.7463591055966635e-10
49,0.000453999809279981,0.0004540002640740842,1.7317605555115873e-10
50,0.000453999809279981,0.0004540002499918496,1.6200028884282146e-10
51,0.000453999809279981,0.000454000246495178,1.588945772605538e-10
52,0.0004539997546555232,0.00045400022375087425,1.783330888162673e-10
53,0.0004539997546555232,0.00045400022375087425,1.783330888162673e-10
54,0.0004539997546555232,0.0004540002080759968,1.8055150777361773e-10
55,0.0004539997546555232,0.0004540001678997239,1.8313142448115203e-10
56,0.0004539997546555232,0.00045400016788896237,1.831194110732416e-10
57,0.00045399974821556314,0.00045400013925827297,1.881630510931833e-10
58,0.00045399974821556314,0.00045400013232866856,1.84554376907408e-10
59,0.00045399974821556314,0.00045400013232866856,1.84554376907408e-10
60,0.00045399974821556314,0.00045400013232866856,1.84554376907408e-10
61,0.00045399974821556314,0.00045400013191327667,1.841119711098881e-10
62,0.00045399974821556314,0.00045400013191327667,1.841119711098881e-10
63,0.00045399974821556314,0.0004540001317492216,1.8393824652157108e-10
64,0.00045399974821556314,0.00045400012092142714,1.821640521999751e-10
65,0.00045399974821556314,0.00045400012092142714,1.821640521999751e-10
66,0.00045399974821556314,0.00045400012092142714,1.821640521999751e-10
67,0.00045399974821556314,0.0004540001190004809,1.8033427917802933e-10
68,0.00045399974821556314,0.0004540001076079544,1.7860366019657953e-10
69,0.00045399974821556314,0.0004540000923976108,1.750287934652163e-10
70,0.00045399974821556314,0.0004540000923976108,1.750287934652163e-10
71,0.00045399974821556314,0.0004540000923976108,1.750287934652163e-10
72,0.00045399974821556314,0.0004540000923976108,1.750287934652163e-10
73,0.00045399974821556314,0.0004540000864126972,1.7081428405232392e-10
74,0.00045399974821556314,0.00045400008116184187,1.66562820233394e-10
75,0.00045399974821556314,0.00045400008116184187,1.66562820233394e-10
76,0.00045399974821556314,0.00045400008116184187,1.66562820233394e-10
77,0.00045399974821556314,0.0004540000759283022,1.6257661927918955e-10
78,0.00045399974821556314,0.00045400006506765865,1.5433615485680926e-10
79,0.00045399974821556314,0.00045400004766909207,1.523251935776933e-10
80,0.00045399974821556314,0.00045400004766909207,1.523251935776933e-10
81,0.00045399974821556314,0.0004540000458063872,1.5027302235474759e-10
82,0.00045399974821556314,0.00045400004210630903,1.4711705842460993e-10
83,0.00045399974821556314,0.00045400004210630903,1.4711705842460993e-10
84,0.00045399974821556314,0.0004540000282223842,1.4964738519144201e-10
85,0.00045399974821556314,0.0004540000282223842,1.4964738519144201e-10
86,0.00045399974821556314,0.0004540000282223842,1.4964738519144201e-10
87,0.00045399974821556314,0.0004540000205358002,1.4379507169385005e-10
88,0.00045399974821556314,0.0004540000205358002,1.4379507169385005e-10
89,0.00045399974821556314,0.0004540000205358002,1.4379507169385005e-10
90,0.00045399974821556314,0.0004540000205358002,1.4379507169385005e-10
91,0.00045399974821556314,0.0004540000205358002,1.4379507169385005e-10
92,0.00045399974821556314,0.00045400002004323766,1.432125839208616e-10
93,0.00045399974821556314,0.00045400001108240374,1.3710129366475676e-10
94,0.00045399974821556314,0.00045400001108240374,1.3710129366475676e-10
95,0.00045399974821556314,0.00045399999196593123,1.3365868462745713e-10
96,0.00045399974821556314,0.00045399999017864607,1.3180167077502193e-10
97,0.00045399974821556314,0.00045399999017864607,1.3180167077502193e-10
98,0.00045399974821556314,0.00045399998759996574,1.2948741853363337e-10
99,0.00045399974821556314,0.00045399998759996574,1.2948741853363337e-10
100,0.00045399974821556314,0.00045399998759996574,1.2948741853363337e-10
101,0.00045399974821556314,0.00045399998759996574,1.2948741853363337e-10
102,0.00045399974821556314,0.00045399998429488373,1.2677822222383556e-10
103,0.00045399974821556314,0.00045399998429488373,1.2677822222383556e-10
104,0.00045399974821556314,0.00045399998429488373,1.2677822222383556e-10
105,0.00045399974821556314,0.00045399998429488373,1.2677822222383556e-10
106,0.00045399974821556314,0.00045399998053362284,1.2406992023742963e-10
107,0.00045399973553468894,0.0004539999621009351,1.2537911567924329e-10
108,0.00045399973553468894,0.0004539999621009351,1.2537911567924329e-10
109,0.00045399973553468894,0.0004539999621009351,1.2537911567924329e-10
110,0.00045399973553468894,0.0004539999621009351,1.2537911567924329e-10
111,0.00045399973553468894,0.00045399995555385383,1.2207786748325028e-10
112,0.00045399973553468894,0.00045399995555385383,1.2207786748325028e-10
113,0.00045399973553468894,0.00045399995555385383,1.2207786748325028e-10
114,0.00045399973553468894,0.00045399995555385383,1.2207786748325028e-10
115,0.00045399973553468894,0.00045399995555385383,1.2207786748325028e-10
116,0.00045399973553468894,0.0004539999524296906,1.18945419808764e-10
117,0.00045399973553468894,0.0004539999524296906,1.18945419808764e-10
118,0.00045399973553468894,0.0004539999524296906,1.18945419808764e-10
119,0.00045399973553468894,0.0004539999524296906,1.18945419808764e-10
120,0.00045399973553468894,0.0004539999517750988,1.1809333261931919e-10
121,0.00045399973553468894,0.00045399994663540024,1.1421515923383857e-10
122,0.00045399973553468894,0.00045399994663540024,1.1421515923383857e-10
123,0.00045399973553468894,0.00045399994663540024,1.1421515923383857e-10
124,0.00045399973553468894,0.00045399994663540024,1.1421515923383857e-10
125,0.00045399973553468894,0.00045399994663540024,1.1421515923383857e-10
126,0.00045399973553468894,0.00045399994663540024,1.1421515923383857e-10
127,0.00045399973553468894,0.00045399994277127155,1.1081064031266336e-10
128,0.00045399973553468894,0.0004539999393506263,1.0739855295263667e-10
129,0.00045399973553468894,0.0004539999393506263,1.0739855295263667e-10
130,0.00045399973553468894,0.0004539999393506263,1.0739855295263667e-10
131,0.00045399973553468894,0.0004539999393506263,1.0739855295263667e-10
132,0.00045399973553468894,0.0004539999393506263,1.0739855295263667e-10
133,0.00045399973553468894,0.0004539999393506263,1.0739855295263667e-10
134,0.00045399973553468894,0.00045399993402479003,1.0324267724866166e-10
135,0.00045399973553468894,0.0004539999315104565,1.0014955581743453e-10
136,0.00045399973553468894,0.0004539999221417987,9.924961988987559e-11
137,0.00045399973553468894,0.0004539999221417987,9.924961988987559e-11
138,0.00045399973553468894,0.0004539999221417987,9.924961988987559e-11
139,0.00045399973553468894,0.0004539999221417987,9.924961988987559e-11
140,0.00045399973553468894,0.0004539999221417987,9.924961988987559e-11
141,0.00045399973553468894,0.0004539999221417987,9.924961988987559e-11
142,0.00045399973553468894,0.0004539999221417987,9.924961988987559e-11
143,0.00045399973553468894,0.0004539999221417987,9.924961988987559e-11
144,0.00045399973553468894,0.0004539999221417987,9.924961988987559e-11
145,0.00045399973553468894,0.0004539999221417987,9.924961988987559e-11
146,0.00045399973553468894,0.00045399991457733055,9.67161727666319e-11
147,0.00045399973553468894,0.00045399991457733055,9.67161727666319e-11
148,0.00045399973553468894,0.00045399991457733055,9.67161727666319e-11
149,0.00045399973553468894,0.00045399991457733055,9.67161727666319e-11
150,0.00045399973553468894,0.00045399990623723533,9.650249192915734e-11
151,0.00045399973553468894,0.00045399990573550696,9.585796436207874e-11
152,0.00045399973553468894,0.00045399990573550696,9.585796436207874e-11
153,0.00045399973553468894,0.00045399990573550696,9.585796436207874e-11
154,0.00045399973553468894,0.00045399990573550696,9.585796436207874e-11
155,0.00045399973553468894,0.00045399990573550696,9.585796436207874e-11
156,0.00045399973553468894,0.00045399990573550696,9.585796436207874e-11
157,0.00045399973553468894,0.00045399990573550696,9.585796436207874e-11
158,0.00045399973553468894,0.00045399990573550696,9.585796436207874e-11
159,0.00045399973553468894,0.00045399990573550696,9.585796436207874e-11
160,0.00045399973553468894,0.00045399990573550696,9.585796436207874e-11
161,0.00045399973553468894,0.0004539999053027442,9.533361882598428e-11
162,0.00045399973553468894,0.0004539999053027442,9.533361882598428e-11
163,0.00045399973553468894,0.0004539999012717255,9.293511750441649e-11
164,0.00045399973553468894,0.0004539999012717255,9.293511750441649e-11
165,0.00045399973553468894,0.0004539999012717255,9.293511750441649e-11
166,0.00045399973553468894,0.0004539999012717255,9.293511750441649e-11
167,0.00045399973553468894,0.0004539999012717255,9.293511750441649e-11
168,0.00045399973553468894,0.0004539999012717255,9.293511750441649e-11
169,0.00045399973553468894,0.0004539999012717255,9.293511750441649e-11
170,0.00045399973553468894,0.0004539999012717255,9.293511750441649e-11
171,0.00045399973553468894,0.00045399990091476414,9.249884160669442e-11
172,0.00045399973553468894,0.00045399990091476414,9.249884160669442e-11
173,0.00045399973553468894,0.00045399989826813567,9.02764645662811e-11
174,0.00045399973553468894,0.00045399989826813567,9.02764645662811e-11
175,0.00045399973553468894,0.00045399989826813567,9.02764645662811e-11
176,0.00045399973553468894,0.00045399989826813567,9.02764645662811e-11
177,0.00045399973553468894,0.00045399989826813567,9.02764645662811e-11
178,0.00045399973553468894,0.00045399989826813567,9.02764645662811e-11
179,0.00045399973553468894,0.00045399989826813567,9.02764645662811e-11
180,0.00045399973553468894,0.00045399989826813567,9.02764645662811e-11
181,0.00045399973553468894,0.00045399989826813567,9.02764645662811e-11
182,0.00045399973553468894,0.00045399989826813567,9.02764645662811e-11
183,0.00045399973553468894,0.00045399989826813567,9.02764645662811e-11
184,0.00045399973553468894,0.00045399989826813567,9.02764645662811e-11
185,0.00045399973553468894,0.00045399989826813567,9.02764645662811e-11
186,0.00045399973553468894,0.00045399989826813567,9.02764645662811e-11
187,0.00045399973553468894,0.00045399989826813567,9.02764645662811e-11
188,0.00045399973553468894,0.00045399989826813567,9.02764645662811e-11
189,0.00045399973553468894,0.00045399989826813567,9.02764645662811e-11
190,0.00045399973553468894,0.00045399989826813567,9.02764645662811e-11
191,0.00045399973553468894,0.00045399989826813567,9.02764645662811e-11
192,0.00045399961118146537,0.0004539998848642929,1.0173370338805676e-10
193,0.00045399961118146537,0.0004539998848642929,1.0173370338805676e-10
194,0.00045399961118146537,0.0004539998848642929,1.0173370338805676e-10
195,0.00045399961118146537,0.0004539998848642929,1.0173370338805676e-10
196,0.00045399961118146537,0.0004539998848642929,1.0173370338805676e-10
197,0.00045399961118146537,0.0004539998848642929,1.0173370338805676e-10
198,0.00045399961118146537,0.0004539998848642929,1.0173370338805676e-10
199,0.00045399961118146537,0.0004539998848642929,1.0173370338805676e-10
200,0.00045399961118146537,0.0004539998848642929,1.0173370338805676e-10
201,0.00045399961118146537,0.0004539998848642929,1.0173370338805676e-10
202,0.00045399961118146537,0.0004539998848642929,1.0173370338805676e-10
203,0.00045399961118146537,0.0004539998848642929,1.0173370338805676e-10
204,0.00045399961118146537,0.0004539998848642929,1.0173370338805676e-10
205,0.00045399961118146537,0.0004539998848642929,1.0173370338805676e-10
206,0.00045399961118146537,0.0004539998848642929,1.0173370338805676e-10
207,0.00045399961118146537,0.0004539998848642929,1.0173370338805676e-10
208,0.00045399961118146537,0.0004539998848642929,1.0173370338805676e-10
209,0.00045399961118146537,0.0004539998848642929,1.0173370338805676e-10
210,0.00045399961118146537,0.0004539998848642929,1.0173370338805676e-10
211,0.00045399961118146537,0.0004539998754724118,1.0268935680927992e-10
212,0.00045399961118146537,0.0004539998754724118,1.0268935680927992e-10
213,0.00045399961118146537,0.0004539998697027702,9.997116129211945e-11
214,0.00045399961118146537,0.0004539998653580038,9.681069060377293e-11
215,0.00045399961118146537,0.0004539998653580038,9.681069060377293e-11
216,0.00045399961118146537,0.0004539998653580038,9.681069060377293e-11
217,0.00045399961118146537,0.0004539998653580038,9.681069060377293e-11
218,0.00045399961118146537,0.0004539998653580038,9.681069060377293e-11
219,0.00045399961118146537,0.0004539998653580038,9.681069060377293e-11
220,0.00045399961118146537,0.0004539998653580038,9.681069060377293e-11
221,0.00045399961118146537,0.0004539998653580038,9.681069060377293e-11
222,0.00045399961118146537,0.0004539998653580038,9.681069060377293e-11
223,0.00045399961118146537,0.0004539998653580038,9.681069060377293e-11
224,0.00045399961118146537,0.0004539998653580038,9.681069060377293e-11
225,0.00045399961118146537,0.0004539998653580038,9.681069060377293e-11
226,0.00045399961118146537,0.0004539998653580038,9.681069060377293e-11
227,0.00045399961118146537,0.0004539998653580038,9.681069060377293e-11
228,0.00045399961118146537,0.0004539998653580038,9.681069060377293e-11
229,0.00045399961118146537,0.0004539998653580038,9.681069060377293e-11
230,0.00045399961118146537,0.0004539998653580038,9.681069060377293e-11
231,0.00045399961118146537,0.0004539998653580038,9.681069060377293e-11
232,0.00045399961118146537,0.0004539998653580038,9.681069060377293e-11
233,0.00045399961118146537,0.0004539998653580038,9.681069060377293e-11
234,0.00045399961118146537,0.0004539998653580038,9.681069060377293e-11
235,0.00045399961118146537,0.00045399986285687803,9.428333158539633e-11
236,0.00045399961118146537,0.00045399986285687803,9.428333158539633e-11
237,0.00045399961118146537,0.00045399986285687803,9.428333158539633e-11
238,0.00045399961118146537,0.00045399986285687803,9.428333158539633e-11
239,0.00045399961118146537,0.00045399986285687803,9.428333158539633e-11
240,0.00045399961118146537,0.00045399986285687803,9.428333158539633e-11
241,0.00045399961118146537,0.00045399986285687803,9.428333158539633e-11
242,0.00045399961118146537,0.00045399985814674286,9.103571425015951e-11
243,0.00045399961118146537,0.00045399985814674286,9.103571425015951e-11
244,0.00045399961118146537,0.00045399985814674286,9.103571425015951e-11
245,0.00045399961118146537,0.00045399985814674286,9.103571425015951e-11
246,0.00045399961118146537,0.00045399985814674286,9.103571425015951e-11
247,0.00045399961118146537,0.00045399985814674286,9.103571425015951e-11
248,0.00045399961118146537,0.00045399985814674286,9.103571425015951e-11
249,0.00045399961118146537,0.00045399985814674286,9.103571425015951e-11
250,0.00045399961118146537,0.00045399985814674286,9.103571425015951e-11
251,0.00045399961118146537,0.00045399985814674286,9.103571425015951e-11
252,0.00045399961118146537,0.00045399985814674286,9.103571425015951e-11
253,0.00045399961118146537,0.00045399985814674286,9.103571425015951e-11
254,0.00045399961118146537,0.00045399985814674286,9.103571425015951e-11
255,0.00045399961118146537,0.00045399985814674286,9.103571425015951e-11
256,0.00045399961118146537,0.00045399985814674286,9.103571425015951e-11
257,0.00045399961118146537,0.00045399985814674286,9.103571425015951e-11
258,0.00045399961118146537,0.00045399985814674286,9.103571425015951e-11
259,0.00045399961118146537,0.00045399985814674286,9.103571425015951e-11
260,0.00045399961118146537,0.000453999850240259,9.01530528823232e-11
261,0.00045399961118146537,0.000453999850240259,9.01530528823232e-11
262,0.00045399961118146537,0.0004539998480639288,8.779875508481328e-11
263,0.00045399961118146537,0.0004539998480639288,8.779875508481328e-11
264,0.00045399961118146537,0.0004539998480639288,8.779875508481328e-11
265,0.00045399961118146537,0.0004539998480639288,8.779875508481328e-11
266,0.00045399961118146537,0.0004539998480639288,8.779875508481328e-11
267,0.00045399961118146537,0.0004539998480639288,8.779875508481328e-11
268,0.00045399961118146537,0.0004539998480639288,8.779875508481328e-11
269,0.00045399961118146537,0.0004539998480639288,8.779875508481328e-11
270,0.00045399961118146537,0.000453999847462681,8.700179454402643e-11
271,0.00045399961118146537,0.000453999847462681,8.700179454402643e-11
272,0.00045399961118146537,0.000453999847462681,8.700179454402643e-11
273,0.00045399961118146537,0.000453999847462681,8.700179454402643e-11
274,0.00045399961118146537,0.000453999847462681,8.700179454402643e-11
275,0.00045399961118146537,0.000453999847462681,8.700179454402643e-11
276,0.00045399961118146537,0.000453999847462681,8.700179454402643e-11
277,0.00045399961118146537,0.000453999847462681,8.700179454402643e-11
278,0.00045399961118146537,0.000453999847462681,8.700179454402643e-11
279,0.00045399961118146537,0.000453999847462681,8.700179454402643e-11
280,0.00045399961118146537,0.00045399984579029784,8.526140939690972e-11
281,0.00045399961118146537,0.00045399984579029784,8.526140939690972e-11
282,0.00045399961118146537,0.00045399984579029784,8.526140939690972e-11
283,0.00045399961118146537,0.00045399984579029784,8.526140939690972e-11
284,0.00045399961118146537,0.00045399984579029784,8.526140939690972e-11
285,0.00045399961118146537,0.0004539998453721612,8.472714487783346e-11
286,0.00045399961118146537,0.0004539998453721612,8.472714487783346e-11
287,0.00045399961118146537,0.0004539998453721612,8.472714487783346e-11
288,0.00045399961118146537,0.0004539998453721612,8.472714487783346e-11
289,0.00045399961118146537,0.0004539998453721612,8.472714487783346e-11
290,0.00045399961118146537,0.0004539998453721612,8.472714487783346e-11
291,0.00045399961118146537,0.0004539998370836522,8.566459628921912e-11
292,0.00045399961118146537,0.0004539998370836522,8.566459628921912e-11
293,0.00045399961118146537,0.0004539998370836522,8.566459628921912e-11
294,0.00045399961118146537,0.0004539998370836522,8.566459628921912e-11
295,0.00045399961118146537,0.0004539998370836522,8.566459628921912e-11
296,0.00045399961118146537,0.00045399983401725984,8.306313997628481e-11
297,0.00045399961118146537,0.00045399983401725984,8.306313997628481e-11
298,0.00045399961118146537,0.00045399983401725984,8.306313997628481e-11
299,0.00045399961118146537,0.00045399983401725984,8.306313997628481e-11
300,0.00045399961118146537,0.00045399983401725984,8.306313997628481e-11
301,0.00045399961118146537,0.00045399983401725984,8.306313997628481e-11
302,0.00045399961118146537,0.00045399983401725984,8.306313997628481e-11
303,0.00045399961118146537,0.00045399983401725984,8.306313997628481e-11
304,0.00045399961118146537,0.00045399983401725984,8.306313997628481e-11
305,0.00045399961118146537,0.00045399983401725984,8.306313997628481e-11
306,0.00045399961118146537,0.0004539998271716267,8.169141773294847e-11
307,0.00045399961118146537,0.0004539998271716267,8.169141773294847e-11
308,0.00045399961118146537,0.0004539998220916293,7.884629907394764e-11
309,0.00045399961118146537,0.0004539998220916293,7.884629907394764e-11
310,0.00045399961118146537,0.0004539998220916293,7.884629907394764e-11
311,0.00045399961118146537,0.0004539998220916293,7.884629907394764e-11
312,0.00045399961118146537,0.0004539998220916293,7.884629907394764e-11
313,0.00045399961118146537,0.0004539998176270004,7.589647060903187e-11
314,0.00045399961118146537,0.0004539998176270004,7.589647060903187e-11
315,0.00045399961118146537,0.0004539998176270004,7.589647060903187e-11
316,0.00045399961118146537,0.00045399981705456616,7.504793758733332e-11
317,0.00045399961118146537,0.00045399981705456616,7.504793758733332e-11
318,0.00045399961118146537,0.00045399981705456616,7.504793758733332e-11
319,0.00045399961118146537,0.00045399981705456616,7.504793758733332e-11
320,0.00045399961118146537,0.00045399981705456616,7.504793758733332e-11
321,0.00045399961118146537,0.0004539998151320775,7.294006626827753e-11
322,0.00045399961118146537,0.0004539998151320775,7.294006626827753e-11
323,0.00045399961118146537,0.0004539998151320775,7.294006626827753e-11
324,0.00045399961118146537,0.0004539998151320775,7.294006626827753e-11
325,0.00045399961118146537,0.0004539998151320775,7.294006626827753e-11
326,0.00045399961118146537,0.0004539998151320775,7.294006626827753e-11
327,0.00045399961118146537,0.0004539998151320775,7.294006626827753e-11
328,0.00045399961118146537,0.0004539998151320775,7.294006626827753e-11
329,0.00045399961118146537,0.0004539998151320775,7.294006626827753e-11
330,0.00045399961118146537,0.0004539998151320775,7.294006626827753e-11
331,0.00045399961118146537,0.0004539998151320775,7.294006626827753e-11
332,0.00045399961118146537,0.0004539998151320775,7.294006626827753e-11
333,0.00045399961118146537,0.0004539998151320775,7.294006626827753e-11
334,0.00045399961118146537,0.0004539998151320775,7.294006626827753e-11
335,0.00045399961118146537,0.00045399980796535544,7.274873641046394e-11
336,0.00045399961118146537,0.00045399980796535544,7.274873641046394e-11
337,0.00045399961118146537,0.00045399980796535544,7.274873641046394e-11
338,0.00045399961118146537,0.00045399980796535544,7.274873641046394e-11
339,0.00045399961118146537,0.00045399980796535544,7.274873641046394e-11
340,0.00045399961118146537,0.00045399980796535544,7.274873641046394e-11
341,0.00045399961118146537,0.00045399980796535544,7.274873641046394e-11
342,0.00045399961118146537,0.00045399980796535544,7.274873641046394e-11
343,0.00045399961118146537,0.00045399980796535544,7.274873641046394e-11
344,0.00045399961118146537,0.00045399980796535544,7.274873641046394e-11
345,0.00045399961118146537,0.00045399980796535544,7.274873641046394e-11
346,0.00045399961118146537,0.00045399980796535544,7.274873641046394e-11
347,0.00045399961118146537,0.00045399980796535544,7.274873641046394e-11
348,0.00045399961118146537,0.0004539998009489942,7.17219354851367e-11
349,0.00045399961118146537,0.0004539998009489942,7.17219354851367e-11
350,0.00045399961118146537,0.0004539998009489942,7.17219354851367e-11
351,0.00045399961118146537,0.0004539998009489942,7.17219354851367e-11
352,0.00045399961118146537,0.0004539998009489942,7.17219354851367e-11
353,0.00045399961118146537,0.0004539998009489942,7.17219354851367e-11
354,0.00045399961118146537,0.0004539998009489942,7.17219354851367e-11
355,0.00045399961118146537,0.0004539998009489942,7.17219354851367e-11
356,0.00045399961118146537,0.0004539998009489942,7.17219354851367e-11
357,0.00045399961118146537,0.0004539998009489942,7.17219354851367e-11
358,0.00045399961118146537,0.0004539998009489942,7.17219354851367e-11
359,0.00045399961118146537,0.0004539997976417978,6.840157086137378e-11
360,0.00045399961118146537,0.0004539997976417978,6.840157086137378e-11
361,0.00045399961118146537,0.0004539997976417978,6.840157086137378e-11
362,0.00045399961118146537,0.0004539997976417978,6.840157086137378e-11
363,0.00045399961118146537,0.0004539997976417978,6.840157086137378e-11
364,0.00045399961118146537,0.0004539997976417978,6.840157086137378e-11
365,0.00045399961118146537,0.0004539997976417978,6.840157086137378e-11
366,0.00045399961118146537,0.0004539997976417978,6.840157086137378e-11
367,0.00045399961118146537,0.0004539997976417978,6.840157086137378e-11
368,0.00045399961054295464,0.00045399978767487684,7.315234166115078e-11
369,0.00045399961054295464,0.00045399978767487684,7.315234166115078e-11
370,0.00045399961054295464,0.00045399978767487684,7.315234166115078e-11
371,0.00045399961054295464,0.00045399978767487684,7.315234166115078e-11
372,0.00045399961054295464,0.00045399978767487684,7.315234166115078e-11
373,0.00045399961054295464,0.00045399978767487684,7.315234166115078e-11
374,0.00045399961054295464,0.00045399978767487684,7.315234166115078e-11
375,0.00045399961054295464,0.00045399978767487684,7.315234166115078e-11
376,0.00045399961054295464,0.00045399978767487684,7.315234166115078e-11
377,0.00045399961054295464,0.00045399978767487684,7.315234166115078e-11
378,0.00045399961054295464,0.00045399978767487684,7.315234166115078e-11
379,0.00045399961054295464,0.00045399978767487684,7.315234166115078e-11
380,0.00045399961054295464,0.00045399978767487684,7.315234166115078e-11
381,0.00045399961054295464,0.00045399978767487684,7.315234166115078e-11
382,0.00045399961054295464,0.00045399978767487684,7.315234166115078e-11
383,0.00045399961054295464,0.00045399978767487684,7.315234166115078e-11
384,0.00045399961054295464,0.00045399978767487684,7.315234166115078e-11
385,0.00045399961054295464,0.00045399978767487684,7.315234166115078e-11
386,0.00045399961054295464,0.00045399978767487684,7.315234166115078e-11
387,0.00045399961054295464,0.00045399978767487684,7.315234166115078e-11
388,0.00045399961054295464,0.00045399978767487684,7.315234166115078e-11
389,0.00045399961054295464,0.00045399978767487684,7.315234166115078e-11
390,0.00045399961054295464,0.00045399978767487684,7.315234166115078e-11
391,0.00045399961054295464,0.00045399978767487684,7.315234166115078e-11
392,0.00045399961054295464,0.00045399978767487684,7.315234166115078e-11
393,0.00045399961054295464,0.00045399978767487684,7.315234166115078e-11
394,0.00045399961054295464,0.00045399978767487684,7.315234166115078e-11
395,0.00045399961054295464,0.0004539997798866967,7.231231905206805e-11
396,0.00045399961054295464,0.00045399977454680534,6.921710324145147e-11
397,0.00045399961054295464,0.00045399977454680534,6.921710324145147e-11
398,0.00045399961054295464,0.00045399977454680534,6.921710324145147e-11
399,0.00045399961054295464,0.00045399977454680534,6.921710324145147e-11
400,0.00045399961054295464,0.00045399977454680534,6.921710324145147e-11
401,0.00045399961054295464,0.00045399977454680534,6.921710324145147e-11
402,0.00045399961054295464,0.00045399977454680534,6.921710324145147e-11
403,0.00045399961054295464,0.00045399977454680534,6.921710324145147e-11
404,0.00045399961054295464,0.00045399977454680534,6.921710324145147e-11
405,0.00045399961054295464,0.00045399977454680534,6.921710324145147e-11
406,0.00045399961054295464,0.00045399977454680534,6.921710324145147e-11
407,0.00045399961054295464,0.00045399977454680534,6.921710324145147e-11
408,0.00045399961054295464,0.00045399977275069,6.72854687104435e-11
409,0.00045399961054295464,0.00045399977275069,6.72854687104435e-11
410,0.00045399961054295464,0.00045399977275069,6.72854687104435e-11
411,0.00045399961054295464,0.00045399977275069,6.72854687104435e-11
412,0.00045399961054295464,0.00045399977275069,6.72854687104435e-11
413,0.00045399961054295464,0.00045399977275069,6.72854687104435e-11
414,0.00045399961054295464,0.00045399977275069,6.72854687104435e-11
415,0.00045399961054295464,0.00045399977275069,6.72854687104435e-11
416,0.00045399961054295464,0.00045399977275069,6.72854687104435e-11
417,0.00045399961054295464,0.00045399977275069,6.72854687104435e-11
418,0.00045399961054295464,0.00045399977275069,6.72854687104435e-11
419,0.00045399961054295464,0.00045399977275069,6.72854687104435e-11
420,0.00045399961054295464,0.00045399977275069,6.72854687104435e-11
421,0.00045399961054295464,0.00045399977275069,6.72854687104435e-11
422,0.00045399961054295464,0.00045399977275069,6.72854687104435e-11
423,0.00045399961054295464,0.00045399977275069,6.72854687104435e-11
424,0.00045399961054295464,0.00045399977275069,6.72854687104435e-11
425,0.00045399961054295464,0.00045399977275069,6.72854687104435e-11
426,0.00045399961054295464,0.00045399977275069,6.72854687104435e-11
427,0.00045399961054295464,0.00045399977275069,6.72854687104435e-11
428,0.00045399961054295464,0.00045399977275069,6.72854687104435e-11
429,0.00045399961054295464,0.00045399977275069,6.72854687104435e-11
430,0.00045399961054295464,0.00045399977275069,6.72854687104435e-11
431,0.00045399961054295464,0.00045399977275069,6.72854687104435e-11
432,0.00045399961054295464,0.00045399977275069,6.72854687104435e-11
433,0.00045399961054295464,0.00045399977275069,6.72854687104435e-11
434,0.00045399961054295464,0.00045399977275069,6.72854687104435e-11
435,0.00045399961054295464,0.00045399977275069,6.72854687104435e-11
436,0.00045399961054295464,0.00045399977275069,6.72854687104435e-11
437,0.00045399961054295464,0.00045399977275069,6.72854687104435e-11
438,0.00045399961054295464,0.00045399977275069,6.72854687104435e-11
439,0.00045399961054295464,0.00045399977275069,6.72854687104435e-11
440,0.00045399961054295464,0.00045399977275069,6.72854687104435e-11
441,0.00045399961054295464,0.00045399977275069,6.72854687104435e-11
442,0.00045399961054295464,0.00045399977275069,6.72854687104435e-11
443,0.00045399961054295464,0.00045399977275069,6.72854687104435e-11
444,0.00045399961054295464,0.00045399977275069,6.72854687104435e-11
445,0.00045399961054295464,0.00045399977273060386,6.725685438704685e-11
446,0.00045399961054295464,0.00045399977273060386,6.725685438704685e-11
447,0.00045399961054295464,0.00045399977273060386,6.725685438704685e-11
448,0.00045399961054295464,0.00045399977273060386,6.725685438704685e-11
449,0.00045399961054295464,0.00045399977273060386,6.725685438704685e-11
450,0.00045399961054295464,0.00045399977273060386,6.725685438704685e-11
451,0.00045399961054295464,0.00045399977273060386,6.725685438704685e-11
452,0.00045399961054295464,0.00045399977273060386,6.725685438704685e-11
453,0.00045399961054295464,0.00045399977273060386,6.725685438704685e-11
454,0.00045399961054295464,0.00045399977273060386,6.725685438704685e-11
455,0.00045399961054295464,0.00045399977273060386,6.725685438704685e-11
456,0.00045399961054295464,0.00045399977273060386,6.725685438704685e-11
457,0.00045399961054295464,0.00045399977273060386,6.725685438704685e-11
458,0.00045399961054295464,0.00045399977273060386,6.725685438704685e-11
459,0.00045399961054295464,0.00045399977273060386,6.725685438704685e-11
460,0.00045399961054295464,0.00045399977273060386,6.725685438704685e-11
461,0.00045399961054295464,0.00045399977273060386,6.725685438704685e-11
462,0.00045399961054295464,0.00045399977273060386,6.725685438704685e-11
463,0.00045399961054295464,0.00045399977273060386,6.725685438704685e-11
464,0.00045399961054295464,0.00045399977273060386,6.725685438704685e-11
465,0.00045399961054295464,0.00045399977273060386,6.725685438704685e-11
466,0.00045399961054295464,0.00045399977273060386,6.725685438704685e-11
467,0.00045399961054295464,0.00045399977273060386,6.725685438704685e-11
468,0.00045399961054295464,0.00045399977273060386,6.725685438704685e-11
469,0.00045399961054295464,0.00045399977273060386,6.725685438704685e-11
470,0.00045399961054295464,0.00045399977273060386,6.725685438704685e-11
471,0.00045399961054295464,0.00045399977273060386,6.725685438704685e-11
472,0.00045399961054295464,0.00045399977273060386,6.725685438704685e-11
473,0.00045399961054295464,0.00045399977273060386,6.725685438704685e-11
474,0.00045399961054295464,0.00045399977273060386,6.725685438704685e-11
475,0.0004539996070971362,0.0004539997641312339,7.140678380097103e-11
476,0.0004539996070971362,0.0004539997641312339,7.140678380097103e-11
477,0.0004539996070971362,0.0004539997641312339,7.140678380097103e-11
478,0.0004539996070971362,0.0004539997641312339,7.140678380097103e-11
479,0.0004539996070971362,0.0004539997641312339,7.140678380097103e-11
480,0.0004539996070971362,0.0004539997641312339,7.140678380097103e-11
481,0.0004539996070971362,0.0004539997641312339,7.140678380097103e-11
482,0.0004539996070971362,0.0004539997641312339,7.140678380097103e-11
483,0.0004539996070971362,0.0004539997641312339,7.140678380097103e-11
484,0.0004539996070971362,0.0004539997641312339,7.140678380097103e-11
485,0.0004539996070971362,0.0004539997641312339,7.140678380097103e-11
486,0.0004539996070971362,0.0004539997641312339,7.140678380097103e-11
487,0.0004539996070971362,0.0004539997641312339,7.140678380097103e-11
488,0.0004539996070971362,0.0004539997641312339,7.140678380097103e-11
489,0.0004539996070971362,0.0004539997641312339,7.140678380097103e-11
490,0.0004539996070971362,0.00045399975604384083,7.401379667840402e-11
491,0.0004539996070971362,0.00045399975423144836,7.223737859969324e-11
492,0.0004539996070971362,0.00045399975423144836,7.223737859969324e-11
493,0.0004539996070971362,0.00045399975423144836,7.223737859969324e-11
494,0.0004539996070971362,0.00045399975423144836,7.223737859969324e-11
495,0.0004539996070971362,0.00045399975423144836,7.223737859969324e-11
496,0.0004539996070971362,0.00045399975423144836,7.223737859969324e-11
497,0.0004539996070971362,0.00045399975423144836,7.223737859969324e-11
498,0.0004539996070971362,0.00045399975423144836,7.223737859969324e-11
499,0.0004539996070971362,0.00045399975423144836,7.223737859969324e-11
500,0.0004539996070971362,0.00045399975423144836,7.223737859969324e-11
501,0.0004539996070971362,0.00045399975423144836,7.223737859969324e-11
502,0.0004539996070971362,0.00045399975423144836,7.223737859969324e-11
503,0.0004539996070971362,0.00045399975423144836,7.223737859969324e-11
504,0.0004539996070971362,0.00045399975423144836,7.223737859969324e-11
505,0.0004539996070971362,0.00045399975423144836,7.223737859969324e-11
506,0.0004539996070971362,0.00045399975423144836,7.223737859969324e-11
507,0.0004539996070971362,0.00045399975423144836,7.223737859969324e-11
508,0.0004539996070971362,0.00045399975423144836,7.223737859969324e-11
509,0.0004539996070971362,0.00045399975423144836,7.223737859969324e-11
510,0.0004539996070971362,0.00045399975423144836,7.223737859969324e-11
511,0.0004539996070971362,0.00045399975423144836,7.223737859969324e-11
512,0.0004539996070971362,0.00045399975423144836,7.223737859969324e-11
513,0.0004539996070971362,0.00045399975423144836,7.223737859969324e-11
514,0.0004539996070971362,0.00045399975423144836,7.223737859969324e-11
515,0.0004539996070971362,0.00045399975423144836,7.223737859969324e-11
516,0.0004539996070971362,0.00045399975423144836,7.223737859969324e-11
517,0.0004539996070971362,0.00045399975423144836,7.223737859969324e-11
518,0.0004539996070971362,0.00045399975423144836,7.223737859969324e-11
519,0.0004539996070971362,0.00045399975423144836,7.223737859969324e-11
520,0.0004539996070971362,0.00045399975423144836,7.223737859969324e-11
521,0.0004539996070971362,0.00045399975423144836,7.223737859969324e-11
522,0.0004539996070971362,0.00045399975423144836,7.223737859969324e-11
523,0.0004539996070971362,0.00045399975423144836,7.223737859969324e-11
524,0.0004539996070971362,0.00045399975423144836,7.223737859969324e-11
525,0.0004539996070971362,0.00045399975423144836,7.223737859969324e-11
526,0.0004539996070971362,0.00045399975423144836,7.223737859969324e-11
527,0.0004539996070971362,0.00045399975423144836,7.223737859969324e-11
528,0.0004539996070971362,0.00045399975423144836,7.223737859969324e-11
529,0.0004539996070971362,0.00045399975423144836,7.223737859969324e-11
530,0.0004539996070971362,0.00045399975423144836,7.223737859969324e-11
531,0.0004539996070971362,0.00045399975423144836,7.223737859969324e-11
532,0.0004539996070971362,0.00045399975423144836,7.223737859969324e-11
533,0.0004539996070971362,0.00045399975423144836,7.223737859969324e-11
534,0.0004539996070971362,0.00045399975423144836,7.223737859969324e-11
535,0.0004539996070971362,0.00045399975423144836,7.223737859969324e-11
536,0.0004539996070971362,0.00045399975423144836,7.223737859969324e-11
537,0.0004539996070971362,0.00045399975423144836,7.223737859969324e-11
538,0.0004539996070971362,0.00045399975423144836,7.223737859969324e-11
539,0.0004539996070971362,0.00045399975423144836,7.223737859969324e-11
540,0.0004539996070971362,0.00045399975423144836,7.223737859969324e-11
541,0.0004539996070971362,0.00045399975423144836,7.223737859969324e-11
542,0.0004539996070971362,0.00045399975423144836,7.223737859969324e-11
543,0.0004539996070971362,0.00045399975423144836,7.223737859969324e-11
544,0.0004539996070971362,0.00045399975423144836,7.223737859969324e-11
545,0.0004539996070971362,0.00045399975423144836,7.223737859969324e-11
546,0.0004539996070971362,0.00045399975423144836,7.223737859969324e-11
547,0.0004539996070971362,0.00045399975423144836,7.223737859969324e-11
548,0.0004539996070971362,0.00045399975423144836,7.223737859969324e-11
549,0.0004539996070971362,0.00045399975423144836,7.223737859969324e-11
550,0.0004539996070971362,0.0004539997519858069,7.054165096623255e-11
551,0.0004539996070971362,0.0004539997519858069,7.054165096623255e-11
552,0.0004539996070971362,0.00045399974944627583,6.873823246830493e-11
553,0.0004539996070971362,0.00045399974944627583,6.873823246830493e-11
554,0.0004539996070971362,0.00045399974944627583,6.873823246830493e-11
555,0.0004539996070971362,0.00045399974944627583,6.873823246830493e-11
556,0.0004539996070971362,0.00045399974944627583,6.873823246830493e-11
557,0.0004539996070971362,0.00045399974944627583,6.873823246830493e-11
558,0.0004539996070971362,0.00045399974944627583,6.873823246830493e-11
559,0.0004539996070971362,0.00045399974944627583,6.873823246830493e-11
560,0.0004539996070971362,0.00045399974944627583,6.873823246830493e-11
561,0.0004539996070971362,0.00045399974944627583,6.873823246830493e-11
562,0.0004539996070971362,0.00045399974944627583,6.873823246830493e-11
563,0.0004539996070971362,0.00045399974944627583,6.873823246830493e-11
564,0.0004539996070971362,0.00045399974944627583,6.873823246830493e-11
565,0.0004539996070971362,0.00045399974944627583,6.873823246830493e-11
566,0.0004539996070971362,0.00045399974944627583,6.873823246830493e-11
567,0.0004539996070971362,0.00045399974944627583,6.873823246830493e-11
568,0.0004539996070971362,0.00045399974944627583,6.873823246830493e-11
569,0.0004539996070971362,0.00045399974944627583,6.873823246830493e-11
570,0.0004539996070971362,0.00045399974944627583,6.873823246830493e-11
571,0.0004539996070971362,0.00045399974944627583,6.873823246830493e-11
572,0.0004539996070971362,0.00045399974944627583,6.873823246830493e-11
573,0.0004539996070971362,0.00045399974944627583,6.873823246830493e-11
574,0.0004539996070971362,0.00045399974944627583,6.873823246830493e-11
575,0.0004539996070971362,0.00045399974944627583,6.873823246830493e-11
576,0.0004539996070971362,0.00045399974944627583,6.873823246830493e-11
577,0.0004539996070971362,0.00045399974944627583,6.873823246830493e-11
578,0.0004539996070971362,0.00045399974944627583,6.873823246830493e-11
579,0.0004539996070971362,0.00045399974944627583,6.873823246830493e-11
580,0.0004539996070971362,0.00045399974944627583,6.873823246830493e-11
581,0.0004539996070971362,0.00045399974944627583,6.873823246830493e-11
582,0.0004539996070971362,0.00045399974944627583,6.873823246830493e-11
583,0.0004539996070971362,0.00045399974944627583,6.873823246830493e-11
584,0.0004539996070971362,0.00045399974944627583,6.873823246830493e-11
585,0.0004539996070971362,0.00045399974944627583,6.873823246830493e-11
586,0.0004539996070971362,0.00045399974944627583,6.873823246830493e-11
587,0.0004539996070971362,0.00045399974944627583,6.873823246830493e-11
588,0.0004539996070971362,0.00045399974944627583,6.873823246830493e-11
589,0.0004539996070971362,0.00045399974944627583,6.873823246830493e-11
590,0.0004539996070971362,0.00045399974944627583,6.873823246830493e-11
591,0.0004539996070971362,0.00045399974944627583,6.873823246830493e-11
592,0.0004539996070971362,0.00045399974944627583,6.873823246830493e-11
593,0.0004539996070971362,0.00045399974944627583,6.873823246830493e-11
594,0.0004539996070971362,0.00045399974944627583,6.873823246830493e-11
595,0.0004539996070971362,0.00045399974944627583,6.873823246830493e-11
596,0.0004539996070971362,0.00045399974944627583,6.873823246830493e-11
597,0.0004539996070971362,0.00045399974944627583,6.873823246830493e-11
598,0.0004539996070971362,0.00045399974944627583,6.873823246830493e-11
599,0.0004539996070971362,0.00045399974944627583,6.873823246830493e-11
600,0.0004539996070971362,0.00045399974944627583,6.873823246830493e-11
601,0.0004539996070971362,0.00045399974944627583,6.873823246830493e-11
602,0.0004539996070971362,0.00045399974944627583,6.873823246830493e-11
603,0.0004539996070971362,0.00045399974944627583,6.873823246830493e-11
604,0.0004539996070971362,0.00045399974944627583,6.873823246830493e-11
605,0.0004539996070971362,0.00045399974944627583,6.873823246830493e-11
606,0.0004539996070971362,0.00045399974944627583,6.873823246830493e-11
607,0.0004539996070971362,0.00045399974944627583,6.873823246830493e-11
608,0.0004539996070971362,0.00045399974944627583,6.873823246830493e-11
609,0.0004539996070971362,0.00045399974944627583,6.873823246830493e-11
610,0.0004539996070971362,0.00045399974944627583,6.873823246830493e-11
611,0.0004539996070971362,0.00045399974944627583,6.873823246830493e-11
612,0.0004539996070971362,0.00045399974944627583,6.873823246830493e-11
613,0.0004539996070971362,0.00045399974944627583,6.873823246830493e-11
614,0.0004539996070971362,0.00045399974944627583,6.873823246830493e-11
615,0.0004539996070971362,0.00045399974944627583,6.873823246830493e-11
616,0.0004539996070971362,0.00045399974944627583,6.873823246830493e-11
617,0.0004539996070971362,0.00045399974944627583,6.873823246830493e-11
618,0.0004539996070971362,0.00045399974944627583,6.873823246830493e-11
619,0.0004539996070971362,0.0004539997475422224,6.713972864095166e-11
620,0.0004539996070971362,0.0004539997475422224,6.713972864095166e-11
621,0.0004539996070971362,0.0004539997475422224,6.713972864095166e-11
622,0.0004539996070971362,0.0004539997475422224,6.713972864095166e-11
623,0.0004539996070971362,0.0004539997475422224,6.713972864095166e-11
624,0.0004539996070971362,0.0004539997463846727,6.600926867726547e-11
625,0.0004539996070971362,0.0004539997463846727,6.600926867726547e-11
626,0.0004539996070971362,0.0004539997463846727,6.600926867726547e-11
627,0.0004539996070971362,0.0004539997463846727,6.600926867726547e-11
628,0.0004539996070971362,0.0004539997463846727,6.600926867726547e-11
629,0.0004539996070971362,0.0004539997463846727,6.600926867726547e-11
630,0.0004539996070971362,0.0004539997463846727,6.600926867726547e-11
631,0.0004539996070971362,0.0004539997463846727,6.600926867726547e-11
632,0.0004539996070971362,0.0004539997463846727,6.600926867726547e-11
633,0.0004539996070971362,0.0004539997463846727,6.600926867726547e-11
634,0.0004539996070971362,0.0004539997463846727,6.600926867726547e-11
635,0.0004539996070971362,0.0004539997463846727,6.600926867726547e-11
636,0.0004539996070971362,0.0004539997463846727,6.600926867726547e-11
637,0.0004539996070971362,0.0004539997463846727,6.600926867726547e-11
638,0.0004539996070971362,0.0004539997463846727,6.600926867726547e-11
639,0.0004539996070971362,0.0004539997463846727,6.600926867726547e-11
640,0.0004539996070971362,0.0004539997463846727,6.600926867726547e-11
641,0.0004539996070971362,0.0004539997463846727,6.600926867726547e-11
642,0.0004539996070971362,0.0004539997463846727,6.600926867726547e-11
643,0.0004539996070971362,0.0004539997463846727,6.600926867726547e-11
644,0.0004539996070971362,0.0004539997463846727,6.600926867726547e-11
645,0.0004539996070971362,0.0004539997431575706,6.473705184096268e-11
646,0.0004539996070971362,0.0004539997431575706,6.473705184096268e-11
647,0.0004539996070971362,0.0004539997431575706,6.473705184096268e-11
648,0.0004539996070971362,0.0004539997431575706,6.473705184096268e-11
649,0.0004539996070971362,0.0004539997431575706,6.473705184096268e-11
650,0.0004539996070971362,0.0004539997431575706,6.473705184096268e-11
651,0.0004539996070971362,0.0004539997431575706,6.473705184096268e-11
652,0.0004539996070971362,0.0004539997431575706,6.473705184096268e-11
653,0.0004539996070971362,0.0004539997431575706,6.473705184096268e-11
654,0.0004539996070971362,0.0004539997431575706,6.473705184096268e-11
655,0.0004539996070971362,0.0004539997431575706,6.473705184096268e-11
656,0.0004539996070971362,0.0004539997431575706,6.473705184096268e-11
657,0.0004539996070971362,0.0004539997431575706,6.473705184096268e-11
658,0.0004539996070971362,0.0004539997431575706,6.473705184096268e-11
659,0.0004539996070971362,0.0004539997431575706,6.473705184096268e-11
660,0.0004539996070971362,0.0004539997431575706,6.473705184096268e-11
661,0.0004539996070971362,0.0004539997431575706,6.473705184096268e-11
662,0.0004539996070971362,0.00045399973692459943,6.628408417166948e-11
663,0.0004539996070971362,0.00045399973692459943,6.628408417166948e-11
664,0.0004539996070971362,0.00045399973692459943,6.628408417166948e-11
665,0.0004539996070971362,0.00045399973692459943,6.628408417166948e-11
666,0.0004539996070971362,0.00045399973692459943,6.628408417166948e-11
667,0.0004539996070971362,0.00045399973692459943,6.628408417166948e-11
668,0.0004539996070971362,0.00045399973692459943,6.628408417166948e-11
669,0.0004539996070971362,0.00045399973692459943,6.628408417166948e-11
670,0.0004539996070971362,0.00045399973692459943,6.628408417166948e-11
671,0.0004539996070971362,0.00045399973692459943,6.628408417166948e-11
672,0.0004539996070971362,0.00045399973692459943,6.628408417166948e-11
673,0.0004539996070971362,0.00045399973692459943,6.628408417166948e-11
674,0.0004539996070971362,0.00045399973692459943,6.628408417166948e-11
675,0.0004539996070971362,0.00045399973692459943,6.628408417166948e-11
676,0.0004539996070971362,0.00045399973692459943,6.628408417166948e-11
677,0.0004539996070971362,0.00045399973692459943,6.628408417166948e-11
678,0.0004539996070971362,0.00045399973692459943,6.628408417166948e-11
679,0.0004539996070971362,0.00045399973692459943,6.628408417166948e-11
680,0.0004539996070971362,0.00045399973692459943,6.628408417166948e-11
681,0.0004539996070971362,0.00045399973692459943,6.628408417166948e-11
682,0.0004539996070971362,0.00045399973166134654,6.591822106564884e-11
683,0.0004539996070971362,0.00045399973166134654,6.591822106564884e-11
684,0.0004539996070971362,0.00045399973166134654,6.591822106564884e-11
685,0.0004539996070971362,0.00045399973166134654,6.591822106564884e-11
686,0.0004539996070971362,0.00045399973166134654,6.591822106564884e-11
687,0.0004539996070971362,0.00045399973166134654,6.591822106564884e-11
688,0.0004539996070971362,0.00045399973166134654,6.591822106564884e-11
689,0.0004539996070971362,0.00045399973166134654,6.591822106564884e-11
690,0.0004539996070971362,0.00045399973166134654,6.591822106564884e-11
691,0.0004539996070971362,0.00045399973166134654,6.591822106564884e-11
692,0.0004539996070971362,0.00045399973166134654,6.591822106564884e-11
693,0.0004539996070971362,0.00045399973166134654,6.591822106564884e-11
694,0.0004539996070971362,0.00045399973166134654,6.591822106564884e-11
695,0.0004539996070971362,0.00045399973166134654,6.591822106564884e-11
696,0.0004539996070971362,0.00045399973166134654,6.591822106564884e-11
697,0.0004539996070971362,0.00045399973166134654,6.591822106564884e-11
698,0.0004539996070971362,0.00045399973166134654,6.591822106564884e-11
699,0.0004539996070971362,0.00045399973166134654,6.591822106564884e-11
700,0.0004539996070971362,0.00045399973166134654,6.591822106564884e-11
701,0.0004539996070971362,0.00045399973166134654,6.591822106564884e-11
702,0.0004539996070971362,0.00045399973166134654,6.591822106564884e-11
703,0.0004539996070971362,0.00045399973166134654,6.591822106564884e-11
704,0.0004539996070971362,0.00045399973166134654,6.591822106564884e-11
705,0.0004539996070971362,0.00045399973166134654,6.591822106564884e-11
706,0.0004539996070971362,0.00045399973166134654,6.591822106564884e-11
707,0.0004539996070971362,0.00045399973166134654,6.591822106564884e-11
708,0.0004539996070971362,0.00045399973166134654,6.591822106564884e-11
709,0.0004539996070971362,0.00045399973166134654,6.591822106564884e-11
710,0.0004539996070971362,0.00045399973166134654,6.591822106564884e-11
711,0.0004539996070971362,0.00045399973166134654,6.591822106564884e-11
712,0.0004539996070971362,0.00045399973166134654,6.591822106564884e-11
713,0.0004539996070971362,0.00045399973166134654,6.591822106564884e-11
714,0.0004539996070971362,0.00045399973166134654,6.591822106564884e-11
715,0.0004539996070971362,0.00045399973166134654,6.591822106564884e-11
716,0.0004539996070971362,0.00045399973166134654,6.591822106564884e-11
717,0.0004539996070971362,0.0004539997311920324,6.533233562181315e-11
718,0.0004539996070971362,0.0004539997311920324,6.533233562181315e-11
719,0.0004539996070971362,0.0004539997311920324,6.533233562181315e-11
720,0.0004539996070971362,0.0004539997311920324,6.533233562181315e-11
721,0.0004539996070971362,0.0004539997311920324,6.533233562181315e-11
722,0.0004539996070971362,0.0004539997311920324,6.533233562181315e-11
723,0.0004539996070971362,0.0004539997311920324,6.533233562181315e-11
724,0.0004539996070971362,0.0004539997311920324,6.533233562181315e-11
725,0.0004539996070971362,0.0004539997311920324,6.533233562181315e-11
726,0.0004539996070971362,0.0004539997311920324,6.533233562181315e-11
727,0.0004539996070971362,0.0004539997311920324,6.533233562181315e-11
728,0.0004539996070971362,0.0004539997311920324,6.533233562181315e-11
729,0.0004539996070971362,0.0004539997311920324,6.533233562181315e-11
730,0.0004539996070971362,0.0004539997311920324,6.533233562181315e-11
731,0.0004539996070971362,0.0004539997311920324,6.533233562181315e-11
732,0.0004539996070971362,0.0004539997311920324,6.533233562181315e-11
733,0.0004539996070971362,0.0004539997311920324,6.533233562181315e-11
734,0.0004539996070971362,0.0004539997311920324,6.533233562181315e-11
735,0.0004539996070971362,0.0004539997311920324,6.533233562181315e-11
736,0.0004539996070971362,0.0004539997310756962,6.519144634985442e-11
737,0.0004539996070971362,0.0004539997310756962,6.519144634985442e-11
738,0.0004539996070971362,0.0004539997310756962,6.519144634985442e-11
739,0.0004539996070971362,0.0004539997310756962,6.519144634985442e-11
740,0.0004539996070971362,0.0004539997310756962,6.519144634985442e-11
741,0.0004539996070971362,0.0004539997310756962,6.519144634985442e-11
742,0.0004539996070971362,0.0004539997310756962,6.519144634985442e-11
743,0.0004539996070971362,0.0004539997310756962,6.519144634985442e-11
744,0.0004539996070971362,0.0004539997310756962,6.519144634985442e-11
745,0.0004539996070971362,0.0004539997310756962,6.519144634985442e-11
746,0.0004539996070971362,0.0004539997310756962,6.519144634985442e-11
747,0.0004539996070971362,0.0004539997310756962,6.519144634985442e-11
748,0.0004539996070971362,0.0004539997310756962,6.519144634985442e-11
749,0.0004539996070971362,0.0004539997310756962,6.519144634985442e-11
750,0.0004539996070971362,0.0004539997310756962,6.519144634985442e-11
751,0.0004539996070971362,0.0004539997310756962,6.519144634985442e-11
752,0.0004539996070971362,0.0004539997310756962,6.519144634985442e-11
753,0.0004539996070971362,0.0004539997310756962,6.519144634985442e-11
754,0.0004539996070971362,0.0004539997310756962,6.519144634985442e-11
755,0.0004539996070971362,0.0004539997310756962,6.519144634985442e-11
756,0.0004539996070971362,0.0004539997310756962,6.519144634985442e-11
757,0.0004539996070971362,0.0004539997310756962,6.519144634985442e-11
758,0.0004539996070971362,0.0004539997310756962,6.519144634985442e-11
759,0.0004539996070971362,0.0004539997310756962,6.519144634985442e-11
760,0.0004539996070971362,0.0004539997310756962,6.519144634985442e-11
761,0.0004539996070971362,0.0004539997310756962,6.519144634985442e-11
762,0.0004539996070971362,0.0004539997310756962,6.519144634985442e-11
763,0.0004539996070971362,0.0004539997310756962,6.519144634985442e-11
764,0.0004539996070971362,0.0004539997310756962,6.519144634985442e-11
765,0.0004539996070971362,0.0004539997310756962,6.519144634985442e-11
766,0.0004539996070971362,0.0004539997310756962,6.519144634985442e-11
767,0.0004539996070971362,0.0004539997310756962,6.519144634985442e-11
768,0.0004539996070971362,0.0004539997310756962,6.519144634985442e-11
769,0.0004539996070971362,0.0004539997310756962,6.519144634985442e-11
770,0.0004539996070971362,0.0004539997310756962,6.519144634985442e-11
771,0.0004539996070971362,0.0004539997310756962,6.519144634985442e-11
772,0.0004539996070971362,0.0004539997310756962,6.519144634985442e-11
773,0.0004539996070971362,0.0004539997310756962,6.519144634985442e-11
774,0.0004539996070971362,0.0004539997310756962,6.519144634985442e-11
775,0.0004539996070971362,0.0004539997310756962,6.519144634985442e-11
776,0.0004539996070971362,0.00045399972660222534,6.448851736970145e-11
777,0.0004539996070971362,0.00045399972660222534,6.448851736970145e-11
778,0.0004539996070971362,0.00045399972660222534,6.448851736970145e-11
779,0.0004539996070971362,0.00045399972660222534,6.448851736970145e-11
780,0.0004539996070971362,0.00045399972660222534,6.448851736970145e-11
781,0.0004539996070971362,0.00045399972660222534,6.448851736970145e-11
782,0.0004539996070971362,0.00045399972660222534,6.448851736970145e-11
783,0.0004539996070971362,0.00045399972660222534,6.448851736970145e-11
784,0.0004539996070971362,0.00045399972660222534,6.448851736970145e-11
785,0.0004539996070971362,0.00045399972660222534,6.448851736970145e-11
786,0.0004539996070971362,0.00045399972660222534,6.448851736970145e-11
787,0.0004539996070971362,0.00045399972660222534,6.448851736970145e-11
788,0.0004539996070971362,0.00045399972660222534,6.448851736970145e-11
789,0.0004539996070971362,0.00045399972660222534,6.448851736970145e-11
790,0.0004539996070971362,0.00045399972660222534,6.448851736970145e-11
791,0.0004539996070971362,0.00045399972660222534,6.448851736970145e-11
792,0.0004539996070971362,0.00045399972660222534,6.448851736970145e-11
793,0.0004539996070971362,0.00045399972660222534,6.448851736970145e-11
794,0.0004539996070971362,0.00045399972660222534,6.448851736970145e-11
795,0.0004539996070971362,0.00045399972660222534,6.448851736970145e-11
796,0.0004539996070971362,0.00045399972660222534,6.448851736970145e-11
797,0.0004539996070971362,0.00045399972660222534,6.448851736970145e-11
798,0.0004539996070971362,0.00045399972660222534,6.448851736970145e-11
799,0.0004539996070971362,0.00045399972660222534,6.448851736970145e-11
800,0.0004539996070971362,0.00045399972660222534,6.448851736970145e-11
801,0.0004539996070971362,0.00045399972660222534,6.448851736970145e-11
802,0.0004539996070971362,0.00045399972660222534,6.448851736970145e-11
803,0.0004539996070971362,0.00045399972660222534,6.448851736970145e-11
804,0.0004539996070971362,0.00045399972660222534,6.448851736970145e-11
805,0.0004539996070971362,0.00045399972660222534,6.448851736970145e-11
806,0.0004539996070971362,0.00045399972660222534,6.448851736970145e-11
807,0.0004539996070971362,0.00045399972660222534,6.448851736970145e-11
808,0.0004539996070971362,0.00045399972660222534,6.448851736970145e-11
809,0.0004539996070971362,0.00045399972660222534,6.448851736970145e-11
810,0.0004539996070971362,0.00045399972660222534,6.448851736970145e-11
811,0.0004539996070971362,0.00045399972660222534,6.448851736970145e-11
812,0.0004539996070971362,0.00045399972660222534,6.448851736970145e-11
813,0.0004539996070971362,0.00045399972660222534,6.448851736970145e-11
814,0.0004539996070971362,0.00045399972660222534,6.448851736970145e-11
815,0.0004539996070971362,0.00045399972660222534,6.448851736970145e-11
816,0.0004539996070971362,0.00045399972660222534,6.448851736970145e-11
817,0.0004539996070971362,0.00045399972660222534,6.448851736970145e-11
818,0.0004539996070971362,0.00045399972660222534,6.448851736970145e-11
819,0.0004539996070971362,0.00045399972660222534,6.448851736970145e-11
820,0.0004539996070971362,0.0004539997236970896,6.28431994492787e-11
821,0.0004539996070971362,0.0004539997236970896,6.28431994492787e-11
822,0.0004539996070971362,0.0004539997236970896,6.28431994492787e-11
823,0.0004539996070971362,0.0004539997217705354,6.121505539895878e-11
824,0.0004539996070971362,0.0004539997217705354,6.121505539895878e-11
825,0.0004539996070971362,0.0004539997217705354,6.121505539895878e-11
826,0.0004539996070971362,0.0004539997217705354,6.121505539895878e-11
827,0.0004539996070971362,0.0004539997217705354,6.121505539895878e-11
828,0.0004539996070971362,0.0004539997217705354,6.121505539895878e-11
829,0.0004539996070971362,0.0004539997217705354,6.121505539895878e-11
830,0.0004539996070971362,0.0004539997217705354,6.121505539895878e-11
831,0.0004539996070971362,0.0004539997217705354,6.121505539895878e-11
832,0.0004539996070971362,0.0004539997217705354,6.121505539895878e-11
833,0.0004539996070971362,0.0004539997217705354,6.121505539895878e-11
834,0.0004539996070971362,0.0004539997217705354,6.121505539895878e-11
835,0.0004539996070971362,0.0004539997217705354,6.121505539895878e-11
836,0.0004539996070971362,0.0004539997217705354,6.121505539895878e-11
837,0.0004539996070971362,0.0004539997217705354,6.121505539895878e-11
838,0.0004539996070971362,0.0004539997217705354,6.121505539895878e-11
839,0.0004539996070971362,0.0004539997217705354,6.121505539895878e-11
840,0.0004539996070971362,0.0004539997217705354,6.121505539895878e-11
841,0.0004539996070971362,0.0004539997217705354,6.121505539895878e-11
842,0.0004539996070971362,0.0004539997217705354,6.121505539895878e-11
843,0.0004539996070971362,0.0004539997217705354,6.121505539895878e-11
844,0.0004539996070971362,0.0004539997217705354,6.121505539895878e-11
845,0.0004539996070971362,0.0004539997217705354,6.121505539895878e-11
846,0.0004539996070971362,0.0004539997217705354,6.121505539895878e-11
847,0.0004539996070971362,0.0004539997217705354,6.121505539895878e-11
848,0.0004539996070971362,0.0004539997217705354,6.121505539895878e-11
849,0.0004539996070971362,0.0004539997217705354,6.121505539895878e-11
850,0.0004539996070971362,0.0004539997217705354,6.121505539895878e-11
851,0.0004539996070971362,0.0004539997217705354,6.121505539895878e-11
852,0.0004539996070971362,0.0004539997217705354,6.121505539895878e-11
853,0.0004539996070971362,0.0004539997217705354,6.121505539895878e-11
854,0.0004539996070971362,0.0004539997217705354,6.121505539895878e-11
855,0.0004539996070971362,0.0004539997217705354,6.121505539895878e-11
856,0.0004539996070971362,0.0004539997217705354,6.121505539895878e-11
857,0.0004539996070971362,0.0004539997217705354,6.121505539895878e-11
858,0.0004539996070971362,0.0004539997217705354,6.121505539895878e-11
859,0.0004539996070971362,0.0004539997217705354,6.121505539895878e-11
860,0.0004539996070971362,0.0004539997217705354,6.121505539895878e-11
861,0.0004539996070971362,0.0004539997217705354,6.121505539895878e-11
862,0.0004539996070971362,0.0004539997217705354,6.121505539895878e-11
863,0.0004539996070971362,0.0004539997217705354,6.121505539895878e-11
864,0.0004539996070971362,0.0004539997217705354,6.121505539895878e-11
865,0.0004539996070971362,0.0004539997217705354,6.121505539895878e-11
866,0.0004539996070971362,0.0004539997217705354,6.121505539895878e-11
867,0.0004539996070971362,0.0004539997217705354,6.121505539895878e-11
868,0.0004539996070971362,0.0004539997217705354,6.121505539895878e-11
869,0.0004539996070971362,0.0004539997217705354,6.121505539895878e-11
870,0.0004539996070971362,0.0004539997217705354,6.121505539895878e-11
871,0.0004539996070971362,0.0004539997217705354,6.121505539895878e-11
872,0.0004539996070971362,0.0004539997217705354,6.121505539895878e-11
873,0.00045399956866714464,0.0004539997140339593,6.541016007805319e-11
874,0.00045399956866714464,0.0004539997140339593,6.541016007805319e-11
875,0.00045399956866714464,0.0004539997140339593,6.541016007805319e-11
876,0.00045399956866714464,0.0004539997140339593,6.541016007805319e-11
877,0.00045399956866714464,0.0004539997140339593,6.541016007805319e-11
878,0.00045399956866714464,0.0004539997140339593,6.541016007805319e-11
879,0.00045399956866714464,0.0004539997140339593,6.541016007805319e-11
880,0.00045399956866714464,0.0004539997140339593,6.541016007805319e-11
881,0.00045399956866714464,0.0004539997140339593,6.541016007805319e-11
882,0.00045399956866714464,0.0004539997140339593,6.541016007805319e-11
883,0.00045399956866714464,0.0004539997140339593,6.541016007805319e-11
884,0.00045399956866714464,0.0004539997140339593,6.541016007805319e-11
885,0.00045399956866714464,0.0004539997140339593,6.541016007805319e-11
886,0.00045399956866714464,0.0004539997140339593,6.541016007805319e-11
887,0.00045399956866714464,0.0004539997140339593,6.541016007805319e-11
888,0.00045399956866714464,0.0004539997140339593,6.541016007805319e-11
889,0.00045399956866714464,0.0004539997140339593,6.541016007805319e-11
890,0.00045399956866714464,0.0004539997140339593,6.541016007805319e-11
891,0.00045399956866714464,0.0004539997140339593,6.541016007805319e-11
892,0.00045399956866714464,0.0004539997140339593,6.541016007805319e-11
893,0.00045399956866714464,0.0004539997140339593,6.541016007805319e-11
894,0.00045399956866714464,0.0004539997140339593,6.541016007805319e-11
895,0.00045399956866714464,0.000453999711303234,6.34989591234607e-11
896,0.00045399956866714464,0.0004539997069247026,6.200027266362755e-11
897,0.00045399956866714464,0.0004539997069247026,6.200027266362755e-11
898,0.00045399956866714464,0.0004539997069247026,6.200027266362755e-11
899,0.00045399956866714464,0.0004539997069247026,6.200027266362755e-11
900,0.00045399956866714464,0.0004539997069247026,6.200027266362755e-11
901,0.00045399956866714464,0.0004539997069247026,6.200027266362755e-11
902,0.00045399956866714464,0.0004539997069247026,6.200027266362755e-11
903,0.00045399956866714464,0.0004539997069247026,6.200027266362755e-11
904,0.00045399956866714464,0.0004539997069247026,6.200027266362755e-11
905,0.00045399956866714464,0.0004539997069247026,6.200027266362755e-11
906,0.00045399956866714464,0.0004539997069247026,6.200027266362755e-11
907,0.00045399956866714464,0.0004539997069247026,6.200027266362755e-11
908,0.00045399956866714464,0.0004539997069247026,6.200027266362755e-11
909,0.00045399956866714464,0.0004539997069247026,6.200027266362755e-11
910,0.00045399956866714464,0.0004539997069247026,6.200027266362755e-11
911,0.00045399956866714464,0.0004539997069247026,6.200027266362755e-11
912,0.00045399956866714464,0.0004539997069247026,6.200027266362755e-11
913,0.00045399956866714464,0.0004539997069247026,6.200027266362755e-11
914,0.00045399956866714464,0.0004539997069247026,6.200027266362755e-11
915,0.00045399956866714464,0.0004539997069247026,6.200027266362755e-11
916,0.00045399956866714464,0.0004539997069247026,6.200027266362755e-11
917,0.00045399956866714464,0.0004539997069247026,6.200027266362755e-11
918,0.00045399956866714464,0.0004539997069247026,6.200027266362755e-11
919,0.00045399956866714464,0.0004539997069247026,6.200027266362755e-11
920,0.00045399956866714464,0.0004539997069247026,6.200027266362755e-11
921,0.00045399956866714464,0.0004539997069247026,6.200027266362755e-11
922,0.00045399956866714464,0.0004539997069247026,6.200027266362755e-11
923,0.00045399956866714464,0.0004539997069247026,6.200027266362755e-11
924,0.00045399956866714464,0.0004539997069247026,6.200027266362755e-11
925,0.00045399956866714464,0.0004539997069247026,6.200027266362755e-11
926,0.00045399956866714464,0.0004539997069247026,6.200027266362755e-11
927,0.00045399956866714464,0.0004539997069247026,6.200027266362755e-11
928,0.00045399956866714464,0.0004539997069247026,6.200027266362755e-11
929,0.00045399956866714464,0.0004539997069247026,6.200027266362755e-11
930,0.00045399956866714464,0.0004539997069247026,6.200027266362755e-11
931,0.00045399956866714464,0.0004539997069247026,6.200027266362755e-11
932,0.00045399956866714464,0.0004539997069247026,6.200027266362755e-11
933,0.00045399956866714464,0.0004539997069247026,6.200027266362755e-11
934,0.00045399956866714464,0.0004539997069247026,6.200027266362755e-11
935,0.00045399956866714464,0.0004539997069247026,6.200027266362755e-11
936,0.00045399956866714464,0.0004539997069247026,6.200027266362755e-11
937,0.00045399956866714464,0.0004539997069247026,6.200027266362755e-11
938,0.00045399956866714464,0.0004539997069247026,6.200027266362755e-11
939,0.00045399956866714464,0.0004539997069247026,6.200027266362755e-11
940,0.00045399956866714464,0.0004539997069247026,6.200027266362755e-11
941,0.00045399956866714464,0.0004539997069247026,6.200027266362755e-11
942,0.00045399956866714464,0.0004539997069247026,6.200027266362755e-11
943,0.00045399956866714464,0.0004539997069247026,6.200027266362755e-11
944,0.00045399956866714464,0.0004539997069247026,6.200027266362755e-11
945,0.00045399956866714464,0.0004539997069247026,6.200027266362755e-11
946,0.00045399956866714464,0.0004539997069247026,6.200027266362755e-11
947,0.00045399956866714464,0.0004539997069247026,6.200027266362755e-11
948,0.00045399956866714464,0.0004539997069247026,6.200027266362755e-11
949,0.00045399956866714464,0.0004539997069247026,6.200027266362755e-11
950,0.00045399956866714464,0.0004539997069247026,6.200027266362755e-11
951,0.00045399956866714464,0.0004539997069247026,6.200027266362755e-11
952,0.00045399956866714464,0.0004539997069247026,6.200027266362755e-11
953,0.00045399956866714464,0.0004539997069247026,6.200027266362755e-11
954,0.00045399956866714464,0.0004539997069247026,6.200027266362755e-11
955,0.00045399956866714464,0.0004539997069247026,6.200027266362755e-11
956,0.00045399956866714464,0.0004539997069247026,6.200027266362755e-11
957,0.00045399956866714464,0.0004539997069247026,6.200027266362755e-11
958,0.00045399956866714464,0.0004539997069247026,6.200027266362755e-11
959,0.00045399956866714464,0.0004539997069247026,6.200027266362755e-11
960,0.00045399956866714464,0.0004539997069247026,6.200027266362755e-11
961,0.00045399956866714464,0.0004539997069247026,6.200027266362755e-11
962,0.00045399956866714464,0.0004539997069247026,6.200027266362755e-11
963,0.00045399956866714464,0.0004539997069247026,6.200027266362755e-11
964,0.00045399956866714464,0.0004539997069247026,6.200027266362755e-11
965,0.00045399956866714464,0.0004539997069247026,6.200027266362755e-11
966,0.00045399956866714464,0.0004539997069247026,6.200027266362755e-11
967,0.00045399956866714464,0.0004539997069247026,6.200027266362755e-11
968,0.00045399956866714464,0.0004539997069247026,6.200027266362755e-11
969,0.00045399956866714464,0.0004539997069247026,6.200027266362755e-11
970,0.00045399956866714464,0.0004539997063208858,6.122195358320456e-11
971,0.00045399956866714464,0.0004539997063208858,6.122195358320456e-11
972,0.00045399956866714464,0.0004539997063208858,6.122195358320456e-11
973,0.00045399956866714464,0.0004539997063208858,6.122195358320456e-11
974,0.00045399956866714464,0.0004539997063208858,6.122195358320456e-11
975,0.00045399956866714464,0.0004539997063208858,6.122195358320456e-11
976,0.00045399956866714464,0.0004539997063208858,6.122195358320456e-11
977,0.00045399956866714464,0.0004539997063208858,6.122195358320456e-11
978,0.00045399956866714464,0.0004539997063208858,6.122195358320456e-11
979,0.00045399956866714464,0.0004539997063208858,6.122195358320456e-11
980,0.00045399956866714464,0.0004539997063208858,6.122195358320456e-11
981,0.00045399956866714464,0.0004539997063208858,6.122195358320456e-11
982,0.00045399956866714464,0.0004539997063208858,6.122195358320456e-11
983,0.00045399956866714464,0.000453999699257933,6.320033821424879e-11
984,0.00045399956866714464,0.000453999699257933,6.320033821424879e-11
985,0.00045399956866714464,0.000453999699257933,6.320033821424879e-11
986,0.00045399956866714464,0.000453999699257933,6.320033821424879e-11
987,0.00045399956866714464,0.000453999699257933,6.320033821424879e-11
988,0.00045399956866714464,0.000453999699257933,6.320033821424879e-11
989,0.00045399956866714464,0.000453999699257933,6.320033821424879e-11
990,0.00045399956866714464,0.000453999699257933,6.320033821424879e-11
991,0.00045399956866714464,0.000453999699257933,6.320033821424879e-11
992,0.00045399956866714464,0.0004539996944270704,6.1728806201468e-11
993,0.00045399956866714464,0.0004539996944270704,6.1728806201468e-11
994,0.00045399956866714464,0.0004539996944270704,6.1728806201468e-11
995,0.00045399956866714464,0.0004539996944270704,6.1728806201468e-11
996,0.00045399956866714464,0.0004539996944270704,6.1728806201468e-11
997,0.00045399956866714464,0.0004539996944270704,6.1728806201468e-11
998,0.00045399956866714464,0.0004539996944270704,6.1728806201468e-11
999,0.00045399956866714464,0.0004539996944270704,6.1728806201468e-11
1000,0.00045399956866714464,0.0004539996944270704,6.1728806201468e-11
1001,0.00045399956866714464,0.0004539996944270704,6.1728806201468e-11
1002,0.00045399956866714464,0.0004539996944270704,6.1728806201468e-11
1003,0.0004539995243872432,0.0004539996860710178,6.716389182982624e-11
1004,0.0004539995243872432,0.0004539996860710178,6.716389182982624e-11
1005,0.0004539995243872432,0.0004539996860710178,6.716389182982624e-11
1006,0.0004539995243872432,0.0004539996860710178,6.716389182982624e-11
1007,0.0004539995243872432,0.0004539996860710178,6.716389182982624e-11
1008,0.0004539995243872432,0.0004539996860710178,6.716389182982624e-11
1009,0.0004539995243872432,0.0004539996860710178,6.716389182982624e-11
1010,0.0004539995243872432,0.00045399968107731256,6.593311263789942e-11
1011,0.0004539995243872432,0.00045399968107731256,6.593311263789942e-11
1012,0.0004539995243872432,0.00045399968107731256,6.593311263789942e-11
1013,0.0004539995243872432,0.00045399968107731256,6.593311263789942e-11
1014,0.0004539995243872432,0.00045399968107731256,6.593311263789942e-11
1015,0.0004539995243872432,0.00045399968107731256,6.593311263789942e-11
1016,0.0004539995243872432,0.00045399968107731256,6.593311263789942e-11
1017,0.0004539995243872432,0.00045399968107731256,6.593311263789942e-11
1018,0.0004539995243872432,0.00045399968107731256,6.593311263789942e-11
1019,0.0004539995243872432,0.00045399968107731256,6.593311263789942e-11
1020,0.0004539995243872432,0.00045399968107731256,6.593311263789942e-11
1021,0.0004539995243872432,0.00045399968107731256,6.593311263789942e-11
1022,0.0004539995243872432,0.00045399968107731256,6.593311263789942e-11
1023,0.0004539995243872432,0.00045399968107731256,6.593311263789942e-11
1024,0.0004539995243872432,0.00045399968107731256,6.593311263789942e-11
1025,0.0004539995243872432,0.00045399968107731256,6.593311263789942e-11
1026,0.0004539995243872432,0.00045399968107731256,6.593311263789942e-11
1027,0.0004539995243872432,0.00045399968107731256,6.593311263789942e-11
1028,0.0004539995243872432,0.00045399968107731256,6.593311263789942e-11
1029,0.0004539995243872432,0.00045399968107731256,6.593311263789942e-11
1030,0.0004539995243872432,0.00045399968107731256,6.593311263789942e-11
1031,0.0004539995243872432,0.00045399968107731256,6.593311263789942e-11
1032,0.0004539995243872432,0.00045399968107731256,6.593311263789942e-11
1033,0.0004539995243872432,0.00045399968107731256,6.593311263789942e-11
1034,0.0004539995243872432,0.00045399968107731256,6.593311263789942e-11
1035,0.0004539995243872432,0.00045399968107731256,6.593311263789942e-11
1036,0.0004539995243872432,0.00045399968107731256,6.593311263789942e-11
1037,0.0004539995243872432,0.00045399968107731256,6.593311263789942e-11
1038,0.0004539995243872432,0.00045399968107731256,6.593311263789942e-11
1039,0.0004539995243872432,0.00045399968107731256,6.593311263789942e-11
1040,0.0004539995243872432,0.00045399968107731256,6.593311263789942e-11
1041,0.0004539995243872432,0.00045399968107731256,6.593311263789942e-11
1042,0.0004539995243872432,0.00045399968107731256,6.593311263789942e-11
1043,0.0004539995243872432,0.00045399968107731256,6.593311263789942e-11
1044,0.0004539995243872432,0.00045399968107731256,6.593311263789942e-11
1045,0.0004539995243872432,0.00045399968107731256,6.593311263789942e-11
1046,0.0004539995243872432,0.00045399968107731256,6.593311263789942e-11
1047,0.0004539995243872432,0.00045399968107731256,6.593311263789942e-11
1048,0.0004539995243872432,0.00045399968107731256,6.593311263789942e-11
1049,0.0004539995243872432,0.00045399968107731256,6.593311263789942e-11
1050,0.0004539995243872432,0.00045399968107731256,6.593311263789942e-11
1051,0.0004539995243872432,0.00045399968107731256,6.593311263789942e-11
1052,0.0004539995243872432,0.00045399968107731256,6.593311263789942e-11
1053,0.0004539995243872432,0.00045399968107731256,6.593311263789942e-11
1054,0.0004539995243872432,0.00045399968107731256,6.593311263789942e-11
1055,0.0004539995243872432,0.00045399968107731256,6.593311263789942e-11
1056,0.0004539995243872432,0.00045399968107731256,6.593311263789942e-11
1057,0.0004539995243872432,0.00045399968107731256,6.593311263789942e-11
1058,0.0004539995243872432,0.00045399968107731256,6.593311263789942e-11
1059,0.0004539995243872432,0.00045399968107731256,6.593311263789942e-11
1060,0.0004539995243872432,0.00045399968107731256,6.593311263789942e-11
1061,0.0004539995243872432,0.00045399968107731256,6.593311263789942e-11
1062,0.0004539995243872432,0.00045399968107731256,6.593311263789942e-11
1063,0.0004539995243872432,0.00045399968107731256,6.593311263789942e-11
1064,0.0004539995243872432,0.00045399968107731256,6.593311263789942e-11
1065,0.0004539995243872432,0.00045399968107731256,6.593311263789942e-11
1066,0.0004539995243872432,0.00045399968107731256,6.593311263789942e-11
1067,0.0004539995243872432,0.00045399968107731256,6.593311263789942e-11
1068,0.0004539995243872432,0.000453999680633079,6.534489963957301e-11
1069,0.0004539995243872432,0.000453999680633079,6.534489963957301e-11
1070,0.0004539995243872432,0.000453999680633079,6.534489963957301e-11
1071,0.0004539995243872432,0.000453999680633079,6.534489963957301e-11
1072,0.0004539995243872432,0.000453999680633079,6.534489963957301e-11
1073,0.0004539995243872432,0.000453999680633079,6.534489963957301e-11
1074,0.0004539995243872432,0.000453999680633079,6.534489963957301e-11
1075,0.0004539995243872432,0.000453999680633079,6.534489963957301e-11
1076,0.0004539995243872432,0.000453999680633079,6.534489963957301e-11
1077,0.0004539995243872432,0.000453999680633079,6.534489963957301e-11
1078,0.0004539995243872432,0.000453999680633079,6.534489963957301e-11
1079,0.0004539995243872432,0.000453999680633079,6.534489963957301e-11
1080,0.0004539995243872432,0.000453999680633079,6.534489963957301e-11
1081,0.0004539995243872432,0.000453999680633079,6.534489963957301e-11
1082,0.0004539995243872432,0.000453999680633079,6.534489963957301e-11
1083,0.0004539995243872432,0.000453999680633079,6.534489963957301e-11
1084,0.0004539995243872432,0.000453999680633079,6.534489963957301e-11
1085,0.0004539995243872432,0.000453999680633079,6.534489963957301e-11
1086,0.0004539995243872432,0.0004539996771299453,6.371630298374415e-11
1087,0.0004539995243872432,0.0004539996771299453,6.371630298374415e-11
1088,0.0004539995243872432,0.0004539996771299453,6.371630298374415e-11
1089,0.0004539995243872432,0.0004539996771299453,6.371630298374415e-11
1090,0.0004539995243872432,0.0004539996771299453,6.371630298374415e-11
1091,0.0004539995243872432,0.0004539996771299453,6.371630298374415e-11
1092,0.0004539995243872432,0.0004539996771299453,6.371630298374415e-11
1093,0.0004539995243872432,0.0004539996771299453,6.371630298374415e-11
1094,0.0004539995243872432,0.0004539996771299453,6.371630298374415e-11
1095,0.0004539995243872432,0.0004539996771299453,6.371630298374415e-11
1096,0.0004539995243872432,0.0004539996771299453,6.371630298374415e-11
1097,0.0004539995243872432,0.0004539996771299453,6.371630298374415e-11
1098,0.0004539995243872432,0.0004539996771299453,6.371630298374415e-11
1099,0.0004539995243872432,0.0004539996771299453,6.371630298374415e-11
1100,0.0004539995243872432,0.0004539996771299453,6.371630298374415e-11
1101,0.0004539995243872432,0.0004539996771299453,6.371630298374415e-11
1102,0.0004539995243872432,0.0004539996771299453,6.371630298374415e-11
1103,0.0004539995243872432,0.0004539996771299453,6.371630298374415e-11
1104,0.0004539995243872432,0.0004539996771299453,6.371630298374415e-11
1105,0.0004539995243872432,0.0004539996771299453,6.371630298374415e-11
1106,0.0004539995243872432,0.0004539996771299453,6.371630298374415e-11
1107,0.0004539995243872432,0.0004539996771299453,6.371630298374415e-11
1108,0.0004539995243872432,0.0004539996771299453,6.371630298374415e-11
1109,0.0004539995243872432,0.0004539996771299453,6.371630298374415e-11
1110,0.0004539995243872432,0.0004539996771299453,6.371630298374415e-11
1111,0.0004539995243872432,0.0004539996771299453,6.371630298374415e-11
1112,0.0004539995243872432,0.0004539996771299453,6.371630298374415e-11
1113,0.0004539995243872432,0.0004539996771299453,6.371630298374415e-11
1114,0.0004539995243872432,0.0004539996771299453,6.371630298374415e-11
1115,0.0004539995243872432,0.0004539996771299453,6.371630298374415e-11
1116,0.0004539995243872432,0.0004539996771299453,6.371630298374415e-11
1117,0.0004539995243872432,0.0004539996771299453,6.371630298374415e-11
1118,0.0004539995243872432,0.0004539996771299453,6.371630298374415e-11
1119,0.0004539995243872432,0.0004539996771299453,6.371630298374415e-11
1120,0.0004539995243872432,0.0004539996731884472,6.216634755122814e-11
1121,0.0004539995243872432,0.0004539996731884472,6.216634755122814e-11
1122,0.0004539995243872432,0.0004539996731884472,6.216634755122814e-11
1123,0.0004539995243872432,0.0004539996731884472,6.216634755122814e-11
1124,0.0004539995243872432,0.0004539996731884472,6.216634755122814e-11
1125,0.0004539995243872432,0.0004539996731884472,6.216634755122814e-11
1126,0.0004539995243872432,0.0004539996731884472,6.216634755122814e-11
1127,0.0004539995243872432,0.0004539996731884472,6.216634755122814e-11
1128,0.0004539995243872432,0.0004539996731884472,6.216634755122814e-11
1129,0.0004539995243872432,0.0004539996731884472,6.216634755122814e-11
1130,0.0004539995243872432,0.0004539996731884472,6.216634755122814e-11
1131,0.0004539995243872432,0.0004539996731884472,6.216634755122814e-11
1132,0.0004539995243872432,0.0004539996731884472,6.216634755122814e-11
1133,0.0004539995243872432,0.0004539996731884472,6.216634755122814e-11
1134,0.0004539995243872432,0.0004539996731884472,6.216634755122814e-11
1135,0.0004539995243872432,0.0004539996731884472,6.216634755122814e-11
1136,0.0004539995243872432,0.0004539996731884472,6.216634755122814e-11
1137,0.0004539995243872432,0.0004539996731884472,6.216634755122814e-11
1138,0.0004539995243872432,0.0004539996731884472,6.216634755122814e-11
1139,0.0004539995243872432,0.0004539996731884472,6.216634755122814e-11
1140,0.0004539995243872432,0.0004539996731884472,6.216634755122814e-11
1141,0.0004539995243872432,0.0004539996731884472,6.216634755122814e-11
1142,0.0004539995243872432,0.0004539996731884472,6.216634755122814e-11
1143,0.0004539995243872432,0.00045399966657743465,6.373002607018652e-11
1144,0.0004539995243872432,0.00045399966657743465,6.373002607018652e-11
1145,0.0004539995243872432,0.00045399966657743465,6.373002607018652e-11
1146,0.0004539995243872432,0.00045399966657743465,6.373002607018652e-11
1147,0.0004539995243872432,0.00045399966657743465,6.373002607018652e-11
1148,0.0004539995243872432,0.00045399966657743465,6.373002607018652e-11
1149,0.0004539995243872432,0.00045399966657743465,6.373002607018652e-11
1150,0.0004539995243872432,0.00045399966657743465,6.373002607018652e-11
1151,0.0004539995243872432,0.00045399966657743465,6.373002607018652e-11
1152,0.0004539995243872432,0.00045399966657743465,6.373002607018652e-11
1153,0.0004539995243872432,0.00045399966657743465,6.373002607018652e-11
1154,0.0004539995243872432,0.00045399966657743465,6.373002607018652e-11
1155,0.0004539995243872432,0.00045399966657743465,6.373002607018652e-11
1156,0.0004539995243872432,0.00045399966657743465,6.373002607018652e-11
1157,0.0004539995243872432,0.00045399966657743465,6.373002607018652e-11
1158,0.0004539995243872432,0.00045399966657743465,6.373002607018652e-11
1159,0.0004539995243872432,0.00045399966657743465,6.373002607018652e-11
1160,0.0004539995243872432,0.00045399966657743465,6.373002607018652e-11
1161,0.0004539995243872432,0.00045399966657743465,6.373002607018652e-11
1162,0.0004539995243872432,0.00045399966657743465,6.373002607018652e-11
1163,0.0004539995243872432,0.00045399966657743465,6.373002607018652e-11
1164,0.0004539995243872432,0.00045399966657743465,6.373002607018652e-11
1165,0.0004539995243872432,0.00045399966657743465,6.373002607018652e-11
1166,0.0004539995243872432,0.00045399966657743465,6.373002607018652e-11
1167,0.0004539995243872432,0.0004539996643778552,6.192848708582761e-11
1168,0.0004539995243872432,0.0004539996643778552,6.192848708582761e-11
1169,0.0004539995243872432,0.0004539996643778552,6.192848708582761e-11
1170,0.0004539995243872432,0.0004539996643778552,6.192848708582761e-11
1171,0.0004539995243872432,0.0004539996643778552,6.192848708582761e-11
1172,0.0004539995243872432,0.0004539996643778552,6.192848708582761e-11
1173,0.0004539995243872432,0.0004539996643778552,6.192848708582761e-11
1174,0.0004539995243872432,0.0004539996643778552,6.192848708582761e-11
1175,0.0004539995243872432,0.0004539996643778552,6.192848708582761e-11
1176,0.0004539995243872432,0.0004539996631271375,6.060095909226311e-11
1177,0.0004539995243872432,0.0004539996631271375,6.060095909226311e-11
1178,0.0004539995243872432,0.0004539996631271375,6.060095909226311e-11
1179,0.0004539995243872432,0.0004539996631271375,6.060095909226311e-11
1180,0.0004539995243872432,0.0004539996631271375,6.060095909226311e-11
1181,0.0004539995243872432,0.0004539996631271375,6.060095909226311e-11
1182,0.0004539995243872432,0.0004539996631271375,6.060095909226311e-11
1183,0.0004539995243872432,0.0004539996631271375,6.060095909226311e-11
1184,0.0004539995243872432,0.0004539996631271375,6.060095909226311e-11
1185,0.0004539995243872432,0.0004539996631271375,6.060095909226311e-11
1186,0.0004539995243872432,0.0004539996620073455,5.934262396447447e-11
1187,0.0004539995243872432,0.0004539996620073455,5.934262396447447e-11
1188,0.0004539995243872432,0.0004539996620073455,5.934262396447447e-11
1189,0.0004539995243872432,0.0004539996620073455,5.934262396447447e-11
1190,0.0004539995243872432,0.0004539996620073455,5.934262396447447e-11
1191,0.0004539995243872432,0.0004539996620073455,5.934262396447447e-11
1192,0.0004539995243872432,0.0004539996620073455,5.934262396447447e-11
1193,0.0004539995243872432,0.0004539996620073455,5.934262396447447e-11
1194,0.0004539995243872432,0.0004539996620073455,5.934262396447447e-11
1195,0.0004539995243872432,0.0004539996620073455,5.934262396447447e-11
1196,0.0004539995243872432,0.0004539996620073455,5.934262396447447e-11
1197,0.0004539995243872432,0.0004539996620073455,5.934262396447447e-11
1198,0.0004539995243872432,0.0004539996620073455,5.934262396447447e-11
1199,0.0004539995243872432,0.0004539996620073455,5.934262396447447e-11
