,Mejor,Media,Std
0,0.3051426967426412,0.7546275176061487,0.3058849421403175
1,0.14569638304987903,0.3781084798594822,0.12701366518817256
2,0.026994520406010372,0.1900781222498962,0.08090159303864373
3,0.026237637451972082,0.10219012962010578,0.04651355119478906
4,0.026237637451972082,0.06755246762143548,0.0227133680503574
5,0.01486547490337992,0.04424230042056408,0.01510002779182364
6,0.01486547490337992,0.03539142712011735,0.00953107983254239
7,0.00680713472582839,0.023225387070265627,0.008914107522107037
8,0.0009807549126500319,0.014129579618647681,0.006584848310166476
9,0.0003988534755665189,0.007990706849125291,0.0035189064971715804
10,0.0003988534755665189,0.00482766351420017,0.0019958732894870238
11,4.9609028443096815e-05,0.0024626150491405697,0.0010041116379278
12,4.9609028443096815e-05,0.0014596729120896564,0.0006860232396624058
13,4.9609028443096815e-05,0.0009322240513679664,0.00041632919501002885
14,4.9609028443096815e-05,0.0007198365577904274,0.0003002464933194996
15,4.9609028443096815e-05,0.0004909416984229812,0.00019226249742634345
16,4.9609028443096815e-05,0.00032322400790090226,0.000145534928978241
17,4.9609028443096815e-05,0.00022959685464214063,9.926660319989045e-05
18,4.8422762381419135e-05,0.00014760202930688284,5.601529665054128e-05
19,3.4285502829780764e-05,0.00010743250074038005,4.423566221969424e-05
20,2.0419014298946432e-05,7.698702783809058e-05,3.260021415697028e-05
21,7.381386587709042e-06,5.3521286897452706e-05,2.2665866694218503e-05
22,7.381386587709042e-06,3.629275645709304e-05,1.1873741456016725e-05
23,6.141299449877374e-06,2.5916677625166916e-05,8.897669645333348e-06
24,1.4627780445104506e-06,1.5876878536175264e-05,7.2482385152630575e-06
25,1.4627780445104506e-06,9.86332832614301e-06,4.111492377954261e-06
26,1.4627780445104506e-06,7.110422611932541e-06,2.6529552885305656e-06
27,1.4627780445104506e-06,5.526624101234817e-06,1.7900881067598342e-06
28,1.4627780445104506e-06,4.006693072298696e-06,1.3426793094524603e-06
29,1.0626322156806607e-06,3.2594220830842885e-06,1.184549109000776e-06
30,3.699484856181105e-07,2.318872180196857e-06,1.0628562955880685e-06
31,3.699484856181105e-07,2.132879403170006e-06,8.971490502952401e-07
32,2.56485538653376e-07,1.6755946767914653e-06,7.656366578934985e-07
33,2.56485538653376e-07,1.5522421996891996e-06,7.339940285783497e-07
34,2.56485538653376e-07,1.2044083342968895e-06,5.647013108587659e-07
35,2.56485538653376e-07,1.071772600521484e-06,4.712788580164918e-07
36,2.56485538653376e-07,1.0292108265550701e-06,4.364414727305995e-07
37,2.0759070128105823e-07,8.912627840136589e-07,3.769450185359735e-07
38,2.0759070128105823e-07,8.249965390066529e-07,3.2364471048966063e-07
39,2.0759070128105823e-07,7.920416465759739e-07,3.341170855262128e-07
40,2.0759070128105823e-07,7.382365333651647e-07,3.1068739732952326e-07
41,2.0759070128105823e-07,6.841487522373792e-07,2.6832757804922937e-07
42,2.0759070128105823e-07,6.641279819114507e-07,2.54781212995056e-07
43,2.0759070128105823e-07,6.439364350854073e-07,2.388500791190422e-07
44,2.0759070128105823e-07,6.199159617958997e-07,2.22357344685463e-07
45,2.0759070128105823e-07,5.986256311834997e-07,2.2223218447704282e-07
46,2.0759070128105823e-07,5.622950849835244e-07,2.0529787148209714e-07
47,1.9324721457434598e-07,5.120294378060096e-07,1.8763811313739966e-07
48,1.9324721457434598e-07,5.098661976814319e-07,1.84487519266323e-07
49,1.9324721457434598e-07,4.778018079141064e-07,1.705571862918827e-07
50,1.9324721457434598e-07,4.5046875794665644e-07,1.5889959185228593e-07
51,1.9324721457434598e-07,4.40436816660813e-07,1.51205804902199e-07
52,1.9324721457434598e-07,4.357413036403506e-07,1.4455169110655725e-07
53,1.9324721457434598e-07,4.098807838426905e-07,1.2167252732154412e-07
54,1.9324721457434598e-07,3.936674287180622e-07,1.0762922030016722e-07
55,1.296377173990615e-07,3.788689262149883e-07,1.1245015822354394e-07
56,1.296377173990615e-07,3.7188049936419476e-07,1.0753368910401488e-07
57,1.296377173990615e-07,3.7188049936419476e-07,1.0753368910401488e-07
58,1.296377173990615e-07,3.7188049936419476e-07,1.0753368910401488e-07
59,1.296377173990615e-07,3.665015119837461e-07,1.0393160487238043e-07
60,1.0598662938564364e-07,3.4929929969262084e-07,1.0709190675444516e-07
61,1.0598662938564364e-07,3.4929929969262084e-07,1.0709190675444516e-07
62,1.0598662938564364e-07,3.4929929969262084e-07,1.0709190675444516e-07
63,1.0598662938564364e-07,3.414775445209521e-07,1.0476361048919036e-07
64,1.0598662938564364e-07,3.414775445209521e-07,1.0476361048919036e-07
65,1.0598662938564364e-07,3.16920113189266e-07,1.1245089710950416e-07
66,1.0598662938564364e-07,3.028122450297618e-07,1.0395744888811258e-07
67,1.0598662938564364e-07,3.028122450297618e-07,1.0395744888811258e-07
68,1.0598662938564364e-07,3.028122450297618e-07,1.0395744888811258e-07
69,1.0598662938564364e-07,2.980494350758004e-07,9.978832974581487e-08
70,1.0598662938564364e-07,2.980494350758004e-07,9.978832974581487e-08
71,1.0598662938564364e-07,2.980494350758004e-07,9.978832974581487e-08
72,1.0598662938564364e-07,2.953018795895837e-07,9.683929026075093e-08
73,1.0598662938564364e-07,2.953018795895837e-07,9.683929026075093e-08
74,1.0598662938564364e-07,2.953018795895837e-07,9.683929026075093e-08
75,1.0598662938564364e-07,2.851713620390476e-07,9.969188062624478e-08
76,1.0598662938564364e-07,2.851713620390476e-07,9.969188062624478e-08
77,1.0598662938564364e-07,2.8384885620708936e-07,9.822145064617685e-08
78,1.0598662938564364e-07,2.8384885620708936e-07,9.822145064617685e-08
79,1.0598662938564364e-07,2.758859336014015e-07,9.442287198660714e-08
80,1.0598662938564364e-07,2.681574841524537e-07,8.848398008553289e-08
81,1.0598662938564364e-07,2.681574841524537e-07,8.848398008553289e-08
82,1.0598662938564364e-07,2.5579335600701104e-07,8.330205210987732e-08
83,1.0598662938564364e-07,2.500207331608022e-07,8.16907323122418e-08
84,1.0598662938564364e-07,2.46265138102238e-07,7.913041297711067e-08
85,5.992443869891745e-08,2.3636425957560293e-07,8.327721991250249e-08
86,5.992443869891745e-08,2.339401847799954e-07,8.094082166275055e-08
87,5.992443869891745e-08,2.241957602944462e-07,7.560845838713583e-08
88,5.992443869891745e-08,2.1577208004982587e-07,6.976269520775527e-08
89,5.992443869891745e-08,2.1577208004982587e-07,6.976269520775527e-08
90,5.992443869891745e-08,2.1577208004982587e-07,6.976269520775527e-08
91,5.992443869891745e-08,2.1577208004982587e-07,6.976269520775527e-08
92,5.992443869891745e-08,2.146893417206075e-07,6.840534549717432e-08
93,5.992443869891745e-08,2.146893417206075e-07,6.840534549717432e-08
94,5.992443869891745e-08,2.0168830734712278e-07,6.775058495259963e-08
95,5.992443869891745e-08,1.96426512609969e-07,6.507889935902965e-08
96,5.992443869891745e-08,1.96426512609969e-07,6.507889935902965e-08
97,5.992443869891745e-08,1.923253517986981e-07,6.227609204305131e-08
98,5.992443869891745e-08,1.923253517986981e-07,6.227609204305131e-08
99,5.992443869891745e-08,1.923253517986981e-07,6.227609204305131e-08
100,5.992443869891745e-08,1.923253517986981e-07,6.227609204305131e-08
101,5.992443869891745e-08,1.886285578152917e-07,5.943242820346003e-08
102,5.992443869891745e-08,1.886285578152917e-07,5.943242820346003e-08
103,5.992443869891745e-08,1.8563654289648812e-07,5.673084533364359e-08
104,5.992443869891745e-08,1.8563654289648812e-07,5.673084533364359e-08
105,5.992443869891745e-08,1.7593300687720554e-07,5.531196384859945e-08
106,5.992443869891745e-08,1.7505895681480353e-07,5.419098364005266e-08
107,5.992443869891745e-08,1.7505895681480353e-07,5.419098364005266e-08
108,5.616187565882009e-08,1.6855424144446991e-07,5.639062935721596e-08
109,5.616187565882009e-08,1.6855424144446991e-07,5.639062935721596e-08
110,5.616187565882009e-08,1.6855424144446991e-07,5.639062935721596e-08
111,5.616187565882009e-08,1.6855424144446991e-07,5.639062935721596e-08
112,5.616187565882009e-08,1.6439245343580015e-07,5.5163326982657574e-08
113,5.616187565882009e-08,1.6439245343580015e-07,5.5163326982657574e-08
114,5.616187565882009e-08,1.6439245343580015e-07,5.5163326982657574e-08
115,3.092774713684389e-08,1.5727730273012784e-07,5.8174079702418e-08
116,3.092774713684389e-08,1.5727730273012784e-07,5.8174079702418e-08
117,3.092774713684389e-08,1.5727730273012784e-07,5.8174079702418e-08
118,3.092774713684389e-08,1.536491723963476e-07,5.519875662407378e-08
119,3.092774713684389e-08,1.5279391307682193e-07,5.443829698349281e-08
120,3.092774713684389e-08,1.5279391307682193e-07,5.443829698349281e-08
121,3.092774713684389e-08,1.5048466477154832e-07,5.325343508345e-08
122,3.092774713684389e-08,1.4907536140606764e-07,5.222792256126143e-08
123,3.092774713684389e-08,1.4907536140606764e-07,5.222792256126143e-08
124,3.092774713684389e-08,1.4907536140606764e-07,5.222792256126143e-08
125,3.092774713684389e-08,1.4907536140606764e-07,5.222792256126143e-08
126,3.092774713684389e-08,1.4907536140606764e-07,5.222792256126143e-08
127,3.092774713684389e-08,1.4907536140606764e-07,5.222792256126143e-08
128,3.092774713684389e-08,1.40929333249854e-07,5.375886613339798e-08
129,3.092774713684389e-08,1.401223482850091e-07,5.295281607076663e-08
130,3.092774713684389e-08,1.401223482850091e-07,5.295281607076663e-08
131,3.092774713684389e-08,1.3000193420936487e-07,5.50787443522536e-08
132,3.092774713684389e-08,1.3000193420936487e-07,5.50787443522536e-08
133,3.092774713684389e-08,1.2832349792293004e-07,5.34633067181832e-08
134,3.092774713684389e-08,1.2487147518110717e-07,5.248108177329146e-08
135,3.092774713684389e-08,1.2487147518110717e-07,5.248108177329146e-08
136,3.092774713684389e-08,1.1510651324227464e-07,4.9527043933207486e-08
137,3.092774713684389e-08,1.1510651324227464e-07,4.9527043933207486e-08
138,3.092774713684389e-08,1.1510651324227464e-07,4.9527043933207486e-08
139,3.092774713684389e-08,1.0635091806020723e-07,4.565956746124198e-08
140,3.092774713684389e-08,1.0635091806020723e-07,4.565956746124198e-08
141,3.092774713684389e-08,1.0635091806020723e-07,4.565956746124198e-08
142,3.092774713684389e-08,1.0635091806020723e-07,4.565956746124198e-08
143,3.092774713684389e-08,1.0635091806020723e-07,4.565956746124198e-08
144,3.092774713684389e-08,1.0525733327129322e-07,4.420605361231643e-08
145,3.092774713684389e-08,1.0525733327129322e-07,4.420605361231643e-08
146,3.092774713684389e-08,1.0525733327129322e-07,4.420605361231643e-08
147,3.092774713684389e-08,1.0178454815936071e-07,4.260758127788234e-08
148,2.68023111879991e-08,9.683511795294609e-08,4.253671871835093e-08
149,2.68023111879991e-08,9.683511795294609e-08,4.253671871835093e-08
150,2.68023111879991e-08,9.326764706370077e-08,4.189096550603388e-08
151,2.68023111879991e-08,9.290397443031249e-08,4.1401458132841224e-08
152,2.68023111879991e-08,9.290397443031249e-08,4.1401458132841224e-08
153,2.68023111879991e-08,9.290397443031249e-08,4.1401458132841224e-08
154,2.68023111879991e-08,9.290397443031249e-08,4.1401458132841224e-08
155,2.68023111879991e-08,9.290397443031249e-08,4.1401458132841224e-08
156,2.68023111879991e-08,9.290397443031249e-08,4.1401458132841224e-08
157,2.68023111879991e-08,9.290397443031249e-08,4.1401458132841224e-08
158,2.68023111879991e-08,9.129092498173017e-08,3.994967498353189e-08
159,2.68023111879991e-08,8.681723576262553e-08,3.695759799132865e-08
160,2.68023111879991e-08,8.451573132257695e-08,3.517915966744784e-08
161,2.68023111879991e-08,8.451573132257695e-08,3.517915966744784e-08
162,2.68023111879991e-08,8.451573132257695e-08,3.517915966744784e-08
163,2.68023111879991e-08,8.451573132257695e-08,3.517915966744784e-08
164,2.68023111879991e-08,8.451573132257695e-08,3.517915966744784e-08
165,2.68023111879991e-08,7.962412172222201e-08,3.168699473991329e-08
166,2.68023111879991e-08,7.962412172222201e-08,3.168699473991329e-08
167,2.68023111879991e-08,7.962412172222201e-08,3.168699473991329e-08
168,2.68023111879991e-08,7.962412172222201e-08,3.168699473991329e-08
169,2.68023111879991e-08,7.962412172222201e-08,3.168699473991329e-08
170,2.68023111879991e-08,7.928776402348189e-08,3.111967673021988e-08
171,2.68023111879991e-08,7.928776402348189e-08,3.111967673021988e-08
172,2.68023111879991e-08,7.928776402348189e-08,3.111967673021988e-08
173,2.68023111879991e-08,7.928776402348189e-08,3.111967673021988e-08
174,2.68023111879991e-08,7.90750594802967e-08,3.075114131232143e-08
175,6.489490771930233e-09,7.42045003356328e-08,3.091304576913999e-08
176,6.489490771930233e-09,7.42045003356328e-08,3.091304576913999e-08
177,6.489490771930233e-09,7.42045003356328e-08,3.091304576913999e-08
178,6.489490771930233e-09,7.206483329349184e-08,2.9417480751378445e-08
179,6.489490771930233e-09,7.206483329349184e-08,2.9417480751378445e-08
180,6.489490771930233e-09,7.206483329349184e-08,2.9417480751378445e-08
181,6.489490771930233e-09,7.206483329349184e-08,2.9417480751378445e-08
182,6.489490771930233e-09,7.206483329349184e-08,2.9417480751378445e-08
183,6.489490771930233e-09,7.206483329349184e-08,2.9417480751378445e-08
184,6.489490771930233e-09,7.206483329349184e-08,2.9417480751378445e-08
185,6.489490771930233e-09,7.062162815217378e-08,2.8016080751036023e-08
186,6.489490771930233e-09,6.85389892670387e-08,2.674261189417836e-08
187,6.489490771930233e-09,6.85389892670387e-08,2.674261189417836e-08
188,6.489490771930233e-09,6.85389892670387e-08,2.674261189417836e-08
189,6.489490771930233e-09,6.85389892670387e-08,2.674261189417836e-08
190,6.489490771930233e-09,6.85389892670387e-08,2.674261189417836e-08
191,6.489490771930233e-09,6.72568013536335e-08,2.527566368454349e-08
192,6.489490771930233e-09,6.72568013536335e-08,2.527566368454349e-08
193,6.489490771930233e-09,6.72568013536335e-08,2.527566368454349e-08
194,6.489490771930233e-09,6.495067859144128e-08,2.387980962101676e-08
195,6.489490771930233e-09,6.495067859144128e-08,2.387980962101676e-08
196,6.489490771930233e-09,6.495067859144128e-08,2.387980962101676e-08
197,6.489490771930233e-09,6.474728417812035e-08,2.3565916487175424e-08
198,6.489490771930233e-09,6.474728417812035e-08,2.3565916487175424e-08
199,6.489490771930233e-09,6.187868811412709e-08,2.417786717257628e-08
200,6.489490771930233e-09,6.187868811412709e-08,2.417786717257628e-08
201,6.489490771930233e-09,6.187868811412709e-08,2.417786717257628e-08
202,6.489490771930233e-09,6.187868811412709e-08,2.417786717257628e-08
203,6.489490771930233e-09,6.187868811412709e-08,2.417786717257628e-08
204,6.489490771930233e-09,6.187868811412709e-08,2.417786717257628e-08
205,6.489490771930233e-09,6.187868811412709e-08,2.417786717257628e-08
206,6.489490771930233e-09,6.187868811412709e-08,2.417786717257628e-08
207,6.489490771930233e-09,6.187868811412709e-08,2.417786717257628e-08
208,6.489490771930233e-09,6.187868811412709e-08,2.417786717257628e-08
209,6.489490771930233e-09,6.187868811412709e-08,2.417786717257628e-08
210,6.489490771930233e-09,6.187868811412709e-08,2.417786717257628e-08
211,6.489490771930233e-09,6.187868811412709e-08,2.417786717257628e-08
212,6.489490771930233e-09,6.187868811412709e-08,2.417786717257628e-08
213,6.489490771930233e-09,6.141165372459917e-08,2.3598971952036967e-08
214,6.489490771930233e-09,6.141165372459917e-08,2.3598971952036967e-08
215,6.489490771930233e-09,6.141165372459917e-08,2.3598971952036967e-08
216,6.489490771930233e-09,6.141165372459917e-08,2.3598971952036967e-08
217,6.489490771930233e-09,6.141165372459917e-08,2.3598971952036967e-08
218,6.489490771930233e-09,6.141165372459917e-08,2.3598971952036967e-08
219,6.489490771930233e-09,6.141165372459917e-08,2.3598971952036967e-08
220,6.489490771930233e-09,6.141165372459917e-08,2.3598971952036967e-08
221,6.489490771930233e-09,6.141165372459917e-08,2.3598971952036967e-08
222,6.489490771930233e-09,6.141165372459917e-08,2.3598971952036967e-08
223,6.489490771930233e-09,6.141165372459917e-08,2.3598971952036967e-08
224,6.489490771930233e-09,6.141165372459917e-08,2.3598971952036967e-08
225,6.489490771930233e-09,6.141165372459917e-08,2.3598971952036967e-08
226,6.489490771930233e-09,6.141165372459917e-08,2.3598971952036967e-08
227,6.489490771930233e-09,6.141165372459917e-08,2.3598971952036967e-08
228,6.489490771930233e-09,6.141165372459917e-08,2.3598971952036967e-08
229,6.489490771930233e-09,6.015442075200924e-08,2.261125037098546e-08
230,6.489490771930233e-09,6.015442075200924e-08,2.261125037098546e-08
231,6.489490771930233e-09,6.015442075200924e-08,2.261125037098546e-08
232,6.489490771930233e-09,5.936469620851146e-08,2.1788893510947846e-08
233,6.489490771930233e-09,5.936469620851146e-08,2.1788893510947846e-08
234,6.489490771930233e-09,5.723281163349219e-08,2.142910237783528e-08
235,6.489490771930233e-09,5.723281163349219e-08,2.142910237783528e-08
236,6.489490771930233e-09,5.723281163349219e-08,2.142910237783528e-08
237,6.489490771930233e-09,5.723281163349219e-08,2.142910237783528e-08
238,6.489490771930233e-09,5.723281163349219e-08,2.142910237783528e-08
239,6.489490771930233e-09,5.723281163349219e-08,2.142910237783528e-08
240,6.489490771930233e-09,5.723281163349219e-08,2.142910237783528e-08
241,6.489490771930233e-09,5.723281163349219e-08,2.142910237783528e-08
242,6.489490771930233e-09,5.723281163349219e-08,2.142910237783528e-08
243,6.489490771930233e-09,5.6476472795784556e-08,2.0641012516022632e-08
244,6.489490771930233e-09,5.6476472795784556e-08,2.0641012516022632e-08
245,6.489490771930233e-09,5.6476472795784556e-08,2.0641012516022632e-08
246,6.489490771930233e-09,5.6476472795784556e-08,2.0641012516022632e-08
247,6.489490771930233e-09,5.6476472795784556e-08,2.0641012516022632e-08
248,6.489490771930233e-09,5.6476472795784556e-08,2.0641012516022632e-08
249,6.489490771930233e-09,5.6476472795784556e-08,2.0641012516022632e-08
250,6.489490771930233e-09,5.6476472795784556e-08,2.0641012516022632e-08
251,6.489490771930233e-09,5.6476472795784556e-08,2.0641012516022632e-08
252,6.489490771930233e-09,5.6476472795784556e-08,2.0641012516022632e-08
253,6.489490771930233e-09,5.6476472795784556e-08,2.0641012516022632e-08
254,6.489490771930233e-09,5.425998100143001e-08,2.122732100053865e-08
255,6.489490771930233e-09,5.2223173045745956e-08,2.1360109400482656e-08
256,6.489490771930233e-09,5.2223173045745956e-08,2.1360109400482656e-08
257,6.489490771930233e-09,5.2223173045745956e-08,2.1360109400482656e-08
258,6.489490771930233e-09,5.2223173045745956e-08,2.1360109400482656e-08
259,6.489490771930233e-09,5.2223173045745956e-08,2.1360109400482656e-08
260,6.489490771930233e-09,5.2223173045745956e-08,2.1360109400482656e-08
261,6.489490771930233e-09,5.2223173045745956e-08,2.1360109400482656e-08
262,6.489490771930233e-09,5.2223173045745956e-08,2.1360109400482656e-08
263,6.489490771930233e-09,5.1812430528217434e-08,2.089854926545808e-08
264,6.489490771930233e-09,5.1812430528217434e-08,2.089854926545808e-08
265,6.489490771930233e-09,5.1812430528217434e-08,2.089854926545808e-08
266,6.489490771930233e-09,5.0257309113887657e-08,2.0539430330892674e-08
267,6.489490771930233e-09,5.0257309113887657e-08,2.0539430330892674e-08
268,6.489490771930233e-09,5.009530806592092e-08,2.0330471602644598e-08
269,6.489490771930233e-09,5.009530806592092e-08,2.0330471602644598e-08
270,6.489490771930233e-09,5.009530806592092e-08,2.0330471602644598e-08
271,6.489490771930233e-09,5.009530806592092e-08,2.0330471602644598e-08
272,6.489490771930233e-09,5.009530806592092e-08,2.0330471602644598e-08
273,6.489490771930233e-09,4.882353693721398e-08,1.970723893227845e-08
274,6.489490771930233e-09,4.882353693721398e-08,1.970723893227845e-08
275,6.489490771930233e-09,4.8674522036885066e-08,1.950543923072745e-08
276,6.489490771930233e-09,4.8674522036885066e-08,1.950543923072745e-08
277,6.489490771930233e-09,4.8674522036885066e-08,1.950543923072745e-08
278,6.489490771930233e-09,4.8674522036885066e-08,1.950543923072745e-08
279,6.489490771930233e-09,4.690831780859957e-08,1.960434608233551e-08
280,6.489490771930233e-09,4.690831780859957e-08,1.960434608233551e-08
281,6.489490771930233e-09,4.690831780859957e-08,1.960434608233551e-08
282,6.489490771930233e-09,4.690831780859957e-08,1.960434608233551e-08
283,6.489490771930233e-09,4.690831780859957e-08,1.960434608233551e-08
284,6.489490771930233e-09,4.5789064606488945e-08,1.8779099064253313e-08
285,6.489490771930233e-09,4.5789064606488945e-08,1.8779099064253313e-08
286,6.489490771930233e-09,4.453327090525341e-08,1.8340761316402906e-08
287,6.489490771930233e-09,4.453327090525341e-08,1.8340761316402906e-08
288,6.489490771930233e-09,4.429514620630011e-08,1.8058926077553036e-08
289,6.489490771930233e-09,4.429514620630011e-08,1.8058926077553036e-08
290,6.489490771930233e-09,4.429514620630011e-08,1.8058926077553036e-08
291,6.489490771930233e-09,4.429514620630011e-08,1.8058926077553036e-08
292,6.489490771930233e-09,4.429514620630011e-08,1.8058926077553036e-08
293,6.489490771930233e-09,4.429514620630011e-08,1.8058926077553036e-08
294,6.489490771930233e-09,4.358040377301177e-08,1.7551774049406232e-08
295,6.489490771930233e-09,4.2633952163808484e-08,1.7019735907380294e-08
296,6.489490771930233e-09,4.2633952163808484e-08,1.7019735907380294e-08
297,6.489490771930233e-09,4.2633952163808484e-08,1.7019735907380294e-08
298,6.489490771930233e-09,4.2633952163808484e-08,1.7019735907380294e-08
299,6.489490771930233e-09,4.086687680254125e-08,1.732959333464936e-08
300,6.489490771930233e-09,4.086687680254125e-08,1.732959333464936e-08
301,6.489490771930233e-09,3.922197996110723e-08,1.7272475141751592e-08
302,6.489490771930233e-09,3.922197996110723e-08,1.7272475141751592e-08
303,6.489490771930233e-09,3.922197996110723e-08,1.7272475141751592e-08
304,6.489490771930233e-09,3.922197996110723e-08,1.7272475141751592e-08
305,6.489490771930233e-09,3.922197996110723e-08,1.7272475141751592e-08
306,6.489490771930233e-09,3.922197996110723e-08,1.7272475141751592e-08
307,6.489490771930233e-09,3.922197996110723e-08,1.7272475141751592e-08
308,6.489490771930233e-09,3.922197996110723e-08,1.7272475141751592e-08
309,6.489490771930233e-09,3.922197996110723e-08,1.7272475141751592e-08
310,6.489490771930233e-09,3.922197996110723e-08,1.7272475141751592e-08
311,6.489490771930233e-09,3.922197996110723e-08,1.7272475141751592e-08
312,6.489490771930233e-09,3.922197996110723e-08,1.7272475141751592e-08
313,6.489490771930233e-09,3.922197996110723e-08,1.7272475141751592e-08
314,6.489490771930233e-09,3.922197996110723e-08,1.7272475141751592e-08
315,6.489490771930233e-09,3.922197996110723e-08,1.7272475141751592e-08
316,6.489490771930233e-09,3.922197996110723e-08,1.7272475141751592e-08
317,6.489490771930233e-09,3.922197996110723e-08,1.7272475141751592e-08
318,6.489490771930233e-09,3.922197996110723e-08,1.7272475141751592e-08
319,6.489490771930233e-09,3.869326534224223e-08,1.669563277059192e-08
320,6.489490771930233e-09,3.869326534224223e-08,1.669563277059192e-08
321,6.489490771930233e-09,3.869326534224223e-08,1.669563277059192e-08
322,6.489490771930233e-09,3.869326534224223e-08,1.669563277059192e-08
323,6.489490771930233e-09,3.869326534224223e-08,1.669563277059192e-08
324,6.489490771930233e-09,3.869326534224223e-08,1.669563277059192e-08
325,6.489490771930233e-09,3.703205172960477e-08,1.6810102053919162e-08
326,6.489490771930233e-09,3.703205172960477e-08,1.6810102053919162e-08
327,6.489490771930233e-09,3.703205172960477e-08,1.6810102053919162e-08
328,6.489490771930233e-09,3.703205172960477e-08,1.6810102053919162e-08
329,6.489490771930233e-09,3.703205172960477e-08,1.6810102053919162e-08
330,6.489490771930233e-09,3.664503892891582e-08,1.6356768887059695e-08
331,6.489490771930233e-09,3.664503892891582e-08,1.6356768887059695e-08
332,6.489490771930233e-09,3.664503892891582e-08,1.6356768887059695e-08
333,6.489490771930233e-09,3.664503892891582e-08,1.6356768887059695e-08
334,6.489490771930233e-09,3.664503892891582e-08,1.6356768887059695e-08
335,6.489490771930233e-09,3.664503892891582e-08,1.6356768887059695e-08
336,6.489490771930233e-09,3.664503892891582e-08,1.6356768887059695e-08
337,6.489490771930233e-09,3.635645118353358e-08,1.6004460484082327e-08
338,6.489490771930233e-09,3.635645118353358e-08,1.6004460484082327e-08
339,6.489490771930233e-09,3.635645118353358e-08,1.6004460484082327e-08
340,6.489490771930233e-09,3.635645118353358e-08,1.6004460484082327e-08
341,6.489490771930233e-09,3.635645118353358e-08,1.6004460484082327e-08
342,6.489490771930233e-09,3.5600244107116686e-08,1.539441745098241e-08
343,6.489490771930233e-09,3.5600244107116686e-08,1.539441745098241e-08
344,6.489490771930233e-09,3.5600244107116686e-08,1.539441745098241e-08
345,6.489490771930233e-09,3.5600244107116686e-08,1.539441745098241e-08
346,6.489490771930233e-09,3.286621206936692e-08,1.4020855695268792e-08
347,6.489490771930233e-09,3.286621206936692e-08,1.4020855695268792e-08
348,6.489490771930233e-09,3.186500564935957e-08,1.3376801752509489e-08
349,6.489490771930233e-09,3.186500564935957e-08,1.3376801752509489e-08
350,6.489490771930233e-09,3.1177427018790886e-08,1.2945735534719206e-08
351,6.489490771930233e-09,3.1177427018790886e-08,1.2945735534719206e-08
352,6.489490771930233e-09,3.1177427018790886e-08,1.2945735534719206e-08
353,6.489490771930233e-09,3.1177427018790886e-08,1.2945735534719206e-08
354,6.489490771930233e-09,3.1177427018790886e-08,1.2945735534719206e-08
355,6.489490771930233e-09,3.1177427018790886e-08,1.2945735534719206e-08
356,6.489490771930233e-09,3.1177427018790886e-08,1.2945735534719206e-08
357,6.489490771930233e-09,3.1177427018790886e-08,1.2945735534719206e-08
358,6.489490771930233e-09,3.1177427018790886e-08,1.2945735534719206e-08
359,6.489490771930233e-09,3.1177427018790886e-08,1.2945735534719206e-08
360,6.489490771930233e-09,3.1177427018790886e-08,1.2945735534719206e-08
361,6.489490771930233e-09,3.1177427018790886e-08,1.2945735534719206e-08
362,6.489490771930233e-09,3.1177427018790886e-08,1.2945735534719206e-08
363,6.489490771930233e-09,3.1177427018790886e-08,1.2945735534719206e-08
364,6.489490771930233e-09,3.1177427018790886e-08,1.2945735534719206e-08
365,6.489490771930233e-09,3.1177427018790886e-08,1.2945735534719206e-08
366,6.489490771930233e-09,3.055183388574716e-08,1.2254880588487546e-08
367,6.489490771930233e-09,3.055183388574716e-08,1.2254880588487546e-08
368,6.489490771930233e-09,3.0246204133292966e-08,1.1889736594578448e-08
369,6.489490771930233e-09,3.0246204133292966e-08,1.1889736594578448e-08
370,6.489490771930233e-09,3.0246204133292966e-08,1.1889736594578448e-08
371,6.489490771930233e-09,3.0246204133292966e-08,1.1889736594578448e-08
372,6.489490771930233e-09,3.0246204133292966e-08,1.1889736594578448e-08
373,6.489490771930233e-09,2.980301287881761e-08,1.1413309196967922e-08
374,6.489490771930233e-09,2.85301001493497e-08,1.146221347014637e-08
375,6.489490771930233e-09,2.85301001493497e-08,1.146221347014637e-08
376,6.489490771930233e-09,2.85301001493497e-08,1.146221347014637e-08
377,6.489490771930233e-09,2.85301001493497e-08,1.146221347014637e-08
378,6.489490771930233e-09,2.85301001493497e-08,1.146221347014637e-08
379,6.489490771930233e-09,2.85301001493497e-08,1.146221347014637e-08
380,6.489490771930233e-09,2.85301001493497e-08,1.146221347014637e-08
381,6.489490771930233e-09,2.85301001493497e-08,1.146221347014637e-08
382,6.489490771930233e-09,2.85301001493497e-08,1.146221347014637e-08
383,6.489490771930233e-09,2.85301001493497e-08,1.146221347014637e-08
384,6.489490771930233e-09,2.85301001493497e-08,1.146221347014637e-08
385,6.489490771930233e-09,2.8523451292885764e-08,1.1452126091372625e-08
386,6.489490771930233e-09,2.8395792291584006e-08,1.1279518207514565e-08
387,6.489490771930233e-09,2.8395792291584006e-08,1.1279518207514565e-08
388,6.489490771930233e-09,2.8395792291584006e-08,1.1279518207514565e-08
389,6.489490771930233e-09,2.8395792291584006e-08,1.1279518207514565e-08
390,6.489490771930233e-09,2.7358757440043978e-08,1.1121833647477904e-08
391,6.489490771930233e-09,2.7358757440043978e-08,1.1121833647477904e-08
392,6.489490771930233e-09,2.7358757440043978e-08,1.1121833647477904e-08
393,6.489490771930233e-09,2.7358757440043978e-08,1.1121833647477904e-08
394,6.489490771930233e-09,2.7358757440043978e-08,1.1121833647477904e-08
395,6.489490771930233e-09,2.7358757440043978e-08,1.1121833647477904e-08
396,6.489490771930233e-09,2.7358757440043978e-08,1.1121833647477904e-08
397,6.489490771930233e-09,2.7358757440043978e-08,1.1121833647477904e-08
398,6.489490771930233e-09,2.7358757440043978e-08,1.1121833647477904e-08
399,6.489490771930233e-09,2.7358757440043978e-08,1.1121833647477904e-08
400,6.489490771930233e-09,2.7358757440043978e-08,1.1121833647477904e-08
401,6.489490771930233e-09,2.7358757440043978e-08,1.1121833647477904e-08
402,6.489490771930233e-09,2.7358757440043978e-08,1.1121833647477904e-08
403,6.489490771930233e-09,2.7358757440043978e-08,1.1121833647477904e-08
404,6.489490771930233e-09,2.621649008956992e-08,1.1055456752387744e-08
405,6.489490771930233e-09,2.5546204418989557e-08,1.0656519913875495e-08
406,6.489490771930233e-09,2.5546204418989557e-08,1.0656519913875495e-08
407,6.489490771930233e-09,2.5546204418989557e-08,1.0656519913875495e-08
408,6.489490771930233e-09,2.5546204418989557e-08,1.0656519913875495e-08
409,6.489490771930233e-09,2.5546204418989557e-08,1.0656519913875495e-08
410,6.489490771930233e-09,2.5546204418989557e-08,1.0656519913875495e-08
411,6.489490771930233e-09,2.5546204418989557e-08,1.0656519913875495e-08
412,6.489490771930233e-09,2.5546204418989557e-08,1.0656519913875495e-08
413,6.489490771930233e-09,2.5546204418989557e-08,1.0656519913875495e-08
414,6.489490771930233e-09,2.5546204418989557e-08,1.0656519913875495e-08
415,6.489490771930233e-09,2.5278922847966076e-08,1.0341053475475763e-08
416,6.489490771930233e-09,2.5278922847966076e-08,1.0341053475475763e-08
417,6.489490771930233e-09,2.5278922847966076e-08,1.0341053475475763e-08
418,6.489490771930233e-09,2.5278922847966076e-08,1.0341053475475763e-08
419,6.489490771930233e-09,2.5278922847966076e-08,1.0341053475475763e-08
420,6.489490771930233e-09,2.5278922847966076e-08,1.0341053475475763e-08
421,6.489490771930233e-09,2.5278922847966076e-08,1.0341053475475763e-08
422,6.489490771930233e-09,2.5278922847966076e-08,1.0341053475475763e-08
423,6.489490771930233e-09,2.5278922847966076e-08,1.0341053475475763e-08
424,6.489490771930233e-09,2.5278922847966076e-08,1.0341053475475763e-08
425,6.489490771930233e-09,2.5278922847966076e-08,1.0341053475475763e-08
426,6.489490771930233e-09,2.5278922847966076e-08,1.0341053475475763e-08
427,6.489490771930233e-09,2.5278922847966076e-08,1.0341053475475763e-08
428,6.489490771930233e-09,2.5278922847966076e-08,1.0341053475475763e-08
429,6.489490771930233e-09,2.5278922847966076e-08,1.0341053475475763e-08
430,6.489490771930233e-09,2.5278922847966076e-08,1.0341053475475763e-08
431,6.489490771930233e-09,2.5278922847966076e-08,1.0341053475475763e-08
432,6.489490771930233e-09,2.4176994661698903e-08,9.59312872664975e-09
433,6.489490771930233e-09,2.4176994661698903e-08,9.59312872664975e-09
434,6.489490771930233e-09,2.4176994661698903e-08,9.59312872664975e-09
435,6.489490771930233e-09,2.372213120156406e-08,9.216328919537763e-09
436,6.489490771930233e-09,2.372213120156406e-08,9.216328919537763e-09
437,6.489490771930233e-09,2.3084517062892573e-08,8.877846553321367e-09
438,6.489490771930233e-09,2.3084517062892573e-08,8.877846553321367e-09
439,6.489490771930233e-09,2.3084517062892573e-08,8.877846553321367e-09
440,6.489490771930233e-09,2.3084517062892573e-08,8.877846553321367e-09
441,6.489490771930233e-09,2.3084517062892573e-08,8.877846553321367e-09
442,6.489490771930233e-09,2.3084517062892573e-08,8.877846553321367e-09
443,6.489490771930233e-09,2.3084517062892573e-08,8.877846553321367e-09
444,6.489490771930233e-09,2.3084517062892573e-08,8.877846553321367e-09
445,6.489490771930233e-09,2.3084517062892573e-08,8.877846553321367e-09
446,6.489490771930233e-09,2.3084517062892573e-08,8.877846553321367e-09
447,6.489490771930233e-09,2.3084517062892573e-08,8.877846553321367e-09
448,6.489490771930233e-09,2.2247852271588433e-08,8.71432112877118e-09
449,6.489490771930233e-09,2.2247852271588433e-08,8.71432112877118e-09
450,6.489490771930233e-09,2.2247852271588433e-08,8.71432112877118e-09
451,6.489490771930233e-09,2.2247852271588433e-08,8.71432112877118e-09
452,6.489490771930233e-09,2.2247852271588433e-08,8.71432112877118e-09
453,6.489490771930233e-09,2.2247852271588433e-08,8.71432112877118e-09
454,6.489490771930233e-09,2.2247852271588433e-08,8.71432112877118e-09
455,6.489490771930233e-09,2.2247852271588433e-08,8.71432112877118e-09
456,6.489490771930233e-09,2.2247852271588433e-08,8.71432112877118e-09
457,6.489490771930233e-09,2.2247852271588433e-08,8.71432112877118e-09
458,6.489490771930233e-09,2.2247852271588433e-08,8.71432112877118e-09
459,6.489490771930233e-09,2.2247852271588433e-08,8.71432112877118e-09
460,6.489490771930233e-09,2.2247852271588433e-08,8.71432112877118e-09
461,6.489490771930233e-09,2.2247852271588433e-08,8.71432112877118e-09
462,6.489490771930233e-09,2.2247852271588433e-08,8.71432112877118e-09
463,6.489490771930233e-09,2.158728966175503e-08,8.422550603981622e-09
464,6.489490771930233e-09,2.158728966175503e-08,8.422550603981622e-09
465,6.489490771930233e-09,2.158728966175503e-08,8.422550603981622e-09
466,6.489490771930233e-09,2.158728966175503e-08,8.422550603981622e-09
467,6.489490771930233e-09,2.158728966175503e-08,8.422550603981622e-09
468,6.489490771930233e-09,2.158728966175503e-08,8.422550603981622e-09
469,6.489490771930233e-09,2.158728966175503e-08,8.422550603981622e-09
470,6.489490771930233e-09,2.158728966175503e-08,8.422550603981622e-09
471,6.489490771930233e-09,2.1514751314762583e-08,8.320607800822556e-09
472,6.489490771930233e-09,2.1514751314762583e-08,8.320607800822556e-09
473,6.489490771930233e-09,2.1514751314762583e-08,8.320607800822556e-09
474,6.489490771930233e-09,2.1514751314762583e-08,8.320607800822556e-09
475,6.489490771930233e-09,2.1514751314762583e-08,8.320607800822556e-09
476,6.489490771930233e-09,2.1514751314762583e-08,8.320607800822556e-09
477,6.489490771930233e-09,2.1514751314762583e-08,8.320607800822556e-09
478,6.489490771930233e-09,2.1514751314762583e-08,8.320607800822556e-09
479,6.489490771930233e-09,2.1514751314762583e-08,8.320607800822556e-09
480,6.489490771930233e-09,2.1514751314762583e-08,8.320607800822556e-09
481,6.489490771930233e-09,2.1514751314762583e-08,8.320607800822556e-09
482,6.489490771930233e-09,2.1514751314762583e-08,8.320607800822556e-09
483,6.489490771930233e-09,2.1514751314762583e-08,8.320607800822556e-09
484,6.489490771930233e-09,2.1514751314762583e-08,8.320607800822556e-09
485,6.489490771930233e-09,2.1099736375140148e-08,8.013114194778201e-09
486,6.489490771930233e-09,2.1099736375140148e-08,8.013114194778201e-09
487,6.489490771930233e-09,2.1099736375140148e-08,8.013114194778201e-09
488,6.489490771930233e-09,2.0829938943933995e-08,7.737261069131193e-09
489,6.489490771930233e-09,2.0829938943933995e-08,7.737261069131193e-09
490,6.489490771930233e-09,2.0829938943933995e-08,7.737261069131193e-09
491,6.489490771930233e-09,2.0829938943933995e-08,7.737261069131193e-09
492,6.489490771930233e-09,2.0829938943933995e-08,7.737261069131193e-09
493,6.489490771930233e-09,2.0829938943933995e-08,7.737261069131193e-09
494,6.489490771930233e-09,2.0829938943933995e-08,7.737261069131193e-09
495,6.489490771930233e-09,2.0829938943933995e-08,7.737261069131193e-09
496,6.489490771930233e-09,2.0829938943933995e-08,7.737261069131193e-09
497,6.489490771930233e-09,2.0829938943933995e-08,7.737261069131193e-09
498,6.489490771930233e-09,2.0829938943933995e-08,7.737261069131193e-09
499,6.489490771930233e-09,2.0829938943933995e-08,7.737261069131193e-09
500,6.489490771930233e-09,2.0829938943933995e-08,7.737261069131193e-09
501,6.489490771930233e-09,2.0829938943933995e-08,7.737261069131193e-09
502,6.489490771930233e-09,2.0829938943933995e-08,7.737261069131193e-09
503,6.489490771930233e-09,2.061192175448532e-08,7.482514913935243e-09
504,6.489490771930233e-09,1.986563278777712e-08,7.38907035578471e-09
505,6.489490771930233e-09,1.986563278777712e-08,7.38907035578471e-09
506,6.489490771930233e-09,1.986563278777712e-08,7.38907035578471e-09
507,6.489490771930233e-09,1.986563278777712e-08,7.38907035578471e-09
508,6.489490771930233e-09,1.986563278777712e-08,7.38907035578471e-09
509,6.489490771930233e-09,1.986563278777712e-08,7.38907035578471e-09
510,6.489490771930233e-09,1.986563278777712e-08,7.38907035578471e-09
511,6.489490771930233e-09,1.986563278777712e-08,7.38907035578471e-09
512,6.489490771930233e-09,1.986563278777712e-08,7.38907035578471e-09
513,6.489490771930233e-09,1.986563278777712e-08,7.38907035578471e-09
514,6.489490771930233e-09,1.986563278777712e-08,7.38907035578471e-09
515,6.489490771930233e-09,1.986563278777712e-08,7.38907035578471e-09
516,6.489490771930233e-09,1.986563278777712e-08,7.38907035578471e-09
517,6.489490771930233e-09,1.986563278777712e-08,7.38907035578471e-09
518,6.489490771930233e-09,1.986563278777712e-08,7.38907035578471e-09
519,6.489490771930233e-09,1.986563278777712e-08,7.38907035578471e-09
520,6.489490771930233e-09,1.986563278777712e-08,7.38907035578471e-09
521,6.489490771930233e-09,1.986563278777712e-08,7.38907035578471e-09
522,6.489490771930233e-09,1.986563278777712e-08,7.38907035578471e-09
523,6.489490771930233e-09,1.986563278777712e-08,7.38907035578471e-09
524,6.489490771930233e-09,1.986563278777712e-08,7.38907035578471e-09
525,6.489490771930233e-09,1.986563278777712e-08,7.38907035578471e-09
526,6.489490771930233e-09,1.986563278777712e-08,7.38907035578471e-09
527,6.489490771930233e-09,1.986563278777712e-08,7.38907035578471e-09
528,6.489490771930233e-09,1.986563278777712e-08,7.38907035578471e-09
529,6.489490771930233e-09,1.986563278777712e-08,7.38907035578471e-09
530,6.489490771930233e-09,1.986563278777712e-08,7.38907035578471e-09
531,6.489490771930233e-09,1.986563278777712e-08,7.38907035578471e-09
532,6.489490771930233e-09,1.986563278777712e-08,7.38907035578471e-09
533,6.489490771930233e-09,1.986563278777712e-08,7.38907035578471e-09
534,6.489490771930233e-09,1.986563278777712e-08,7.38907035578471e-09
535,6.489490771930233e-09,1.986563278777712e-08,7.38907035578471e-09
536,6.489490771930233e-09,1.979429024518728e-08,7.279023290748845e-09
537,6.489490771930233e-09,1.979429024518728e-08,7.279023290748845e-09
538,6.489490771930233e-09,1.979429024518728e-08,7.279023290748845e-09
539,6.489490771930233e-09,1.979429024518728e-08,7.279023290748845e-09
540,6.489490771930233e-09,1.979429024518728e-08,7.279023290748845e-09
541,6.489490771930233e-09,1.9655652065837653e-08,7.093486486007108e-09
542,6.489490771930233e-09,1.9655652065837653e-08,7.093486486007108e-09
543,6.489490771930233e-09,1.9655652065837653e-08,7.093486486007108e-09
544,6.489490771930233e-09,1.9655652065837653e-08,7.093486486007108e-09
545,6.489490771930233e-09,1.9655652065837653e-08,7.093486486007108e-09
546,6.489490771930233e-09,1.9655652065837653e-08,7.093486486007108e-09
547,6.489490771930233e-09,1.9655652065837653e-08,7.093486486007108e-09
548,6.489490771930233e-09,1.9655652065837653e-08,7.093486486007108e-09
549,6.489490771930233e-09,1.9655652065837653e-08,7.093486486007108e-09
550,6.489490771930233e-09,1.9655652065837653e-08,7.093486486007108e-09
551,6.489490771930233e-09,1.9655652065837653e-08,7.093486486007108e-09
552,6.489490771930233e-09,1.9655652065837653e-08,7.093486486007108e-09
553,6.489490771930233e-09,1.9655652065837653e-08,7.093486486007108e-09
554,6.489490771930233e-09,1.9655652065837653e-08,7.093486486007108e-09
555,6.489490771930233e-09,1.9655652065837653e-08,7.093486486007108e-09
556,6.489490771930233e-09,1.9655652065837653e-08,7.093486486007108e-09
557,6.489490771930233e-09,1.9655652065837653e-08,7.093486486007108e-09
558,6.489490771930233e-09,1.9655652065837653e-08,7.093486486007108e-09
559,6.489490771930233e-09,1.9655652065837653e-08,7.093486486007108e-09
560,6.489490771930233e-09,1.9655652065837653e-08,7.093486486007108e-09
561,6.489490771930233e-09,1.9655652065837653e-08,7.093486486007108e-09
562,6.489490771930233e-09,1.9655652065837653e-08,7.093486486007108e-09
563,2.9693815176077855e-09,1.829705489428528e-08,7.0909769883879316e-09
564,2.9693815176077855e-09,1.829705489428528e-08,7.0909769883879316e-09
565,2.9693815176077855e-09,1.7797770354292247e-08,6.781280349081643e-09
566,2.9693815176077855e-09,1.7797770354292247e-08,6.781280349081643e-09
567,2.9693815176077855e-09,1.7797770354292247e-08,6.781280349081643e-09
568,2.9693815176077855e-09,1.7797770354292247e-08,6.781280349081643e-09
569,2.9693815176077855e-09,1.7627763027371123e-08,6.545834211949801e-09
570,2.9693815176077855e-09,1.7627763027371123e-08,6.545834211949801e-09
571,2.9693815176077855e-09,1.7627763027371123e-08,6.545834211949801e-09
572,2.9693815176077855e-09,1.7627763027371123e-08,6.545834211949801e-09
573,2.9693815176077855e-09,1.7627763027371123e-08,6.545834211949801e-09
574,2.9693815176077855e-09,1.7627763027371123e-08,6.545834211949801e-09
575,2.9693815176077855e-09,1.7627763027371123e-08,6.545834211949801e-09
576,2.9693815176077855e-09,1.7627763027371123e-08,6.545834211949801e-09
577,2.9693815176077855e-09,1.7627763027371123e-08,6.545834211949801e-09
578,2.9693815176077855e-09,1.7627763027371123e-08,6.545834211949801e-09
579,2.9693815176077855e-09,1.7627763027371123e-08,6.545834211949801e-09
580,2.9693815176077855e-09,1.7627763027371123e-08,6.545834211949801e-09
581,2.9693815176077855e-09,1.7627763027371123e-08,6.545834211949801e-09
582,2.9693815176077855e-09,1.7627763027371123e-08,6.545834211949801e-09
583,2.9693815176077855e-09,1.7627763027371123e-08,6.545834211949801e-09
584,2.9693815176077855e-09,1.7627763027371123e-08,6.545834211949801e-09
585,2.9693815176077855e-09,1.7627763027371123e-08,6.545834211949801e-09
586,2.9693815176077855e-09,1.7627763027371123e-08,6.545834211949801e-09
587,2.9693815176077855e-09,1.7627763027371123e-08,6.545834211949801e-09
588,2.9693815176077855e-09,1.7627763027371123e-08,6.545834211949801e-09
589,2.9693815176077855e-09,1.7627763027371123e-08,6.545834211949801e-09
590,2.9693815176077855e-09,1.7627763027371123e-08,6.545834211949801e-09
591,2.9693815176077855e-09,1.7627763027371123e-08,6.545834211949801e-09
592,2.9693815176077855e-09,1.7627763027371123e-08,6.545834211949801e-09
593,2.9693815176077855e-09,1.7627763027371123e-08,6.545834211949801e-09
594,2.9693815176077855e-09,1.7210043635851964e-08,6.116399443096037e-09
595,2.9693815176077855e-09,1.7210043635851964e-08,6.116399443096037e-09
596,2.9693815176077855e-09,1.7210043635851964e-08,6.116399443096037e-09
597,2.9693815176077855e-09,1.7210043635851964e-08,6.116399443096037e-09
598,2.9693815176077855e-09,1.688281227455561e-08,5.869679179018784e-09
599,2.9693815176077855e-09,1.675425824199256e-08,5.699836209779119e-09
600,2.9693815176077855e-09,1.675425824199256e-08,5.699836209779119e-09
601,2.9693815176077855e-09,1.675425824199256e-08,5.699836209779119e-09
602,2.9693815176077855e-09,1.675425824199256e-08,5.699836209779119e-09
603,2.9693815176077855e-09,1.675425824199256e-08,5.699836209779119e-09
604,2.9693815176077855e-09,1.675425824199256e-08,5.699836209779119e-09
605,2.9693815176077855e-09,1.675425824199256e-08,5.699836209779119e-09
606,2.9693815176077855e-09,1.675425824199256e-08,5.699836209779119e-09
607,2.9693815176077855e-09,1.675425824199256e-08,5.699836209779119e-09
608,2.9693815176077855e-09,1.675425824199256e-08,5.699836209779119e-09
609,2.9693815176077855e-09,1.675425824199256e-08,5.699836209779119e-09
610,2.9693815176077855e-09,1.6464532296380526e-08,5.425539373780716e-09
611,2.9693815176077855e-09,1.6464532296380526e-08,5.425539373780716e-09
612,2.9693815176077855e-09,1.6464532296380526e-08,5.425539373780716e-09
613,2.9693815176077855e-09,1.6464532296380526e-08,5.425539373780716e-09
614,2.9693815176077855e-09,1.6464532296380526e-08,5.425539373780716e-09
615,2.9693815176077855e-09,1.6464532296380526e-08,5.425539373780716e-09
616,2.9693815176077855e-09,1.6464532296380526e-08,5.425539373780716e-09
617,2.9693815176077855e-09,1.6464532296380526e-08,5.425539373780716e-09
618,2.9693815176077855e-09,1.6464532296380526e-08,5.425539373780716e-09
619,2.9693815176077855e-09,1.6464532296380526e-08,5.425539373780716e-09
620,2.9693815176077855e-09,1.6464532296380526e-08,5.425539373780716e-09
621,2.9693815176077855e-09,1.6464532296380526e-08,5.425539373780716e-09
622,2.9693815176077855e-09,1.6464532296380526e-08,5.425539373780716e-09
623,2.9693815176077855e-09,1.6464532296380526e-08,5.425539373780716e-09
624,2.9693815176077855e-09,1.6464532296380526e-08,5.425539373780716e-09
625,2.9693815176077855e-09,1.6464532296380526e-08,5.425539373780716e-09
626,2.9693815176077855e-09,1.6464532296380526e-08,5.425539373780716e-09
627,2.9693815176077855e-09,1.6464532296380526e-08,5.425539373780716e-09
628,2.9693815176077855e-09,1.6464532296380526e-08,5.425539373780716e-09
629,2.9693815176077855e-09,1.6464532296380526e-08,5.425539373780716e-09
630,2.9693815176077855e-09,1.6464532296380526e-08,5.425539373780716e-09
631,2.9693815176077855e-09,1.6464532296380526e-08,5.425539373780716e-09
632,2.9693815176077855e-09,1.6367676611968914e-08,5.297858821924013e-09
633,2.9693815176077855e-09,1.6367676611968914e-08,5.297858821924013e-09
634,2.9693815176077855e-09,1.6367676611968914e-08,5.297858821924013e-09
635,2.9693815176077855e-09,1.6367676611968914e-08,5.297858821924013e-09
636,2.9693815176077855e-09,1.6367676611968914e-08,5.297858821924013e-09
637,2.9693815176077855e-09,1.6367676611968914e-08,5.297858821924013e-09
638,2.9693815176077855e-09,1.6367676611968914e-08,5.297858821924013e-09
639,2.9693815176077855e-09,1.5881218452954387e-08,5.1790949276700725e-09
640,2.9693815176077855e-09,1.5881218452954387e-08,5.1790949276700725e-09
641,2.9693815176077855e-09,1.5881218452954387e-08,5.1790949276700725e-09
642,2.9693815176077855e-09,1.5881218452954387e-08,5.1790949276700725e-09
643,2.9693815176077855e-09,1.5881218452954387e-08,5.1790949276700725e-09
644,2.9693815176077855e-09,1.5881218452954387e-08,5.1790949276700725e-09
645,2.9693815176077855e-09,1.5881218452954387e-08,5.1790949276700725e-09
646,2.9693815176077855e-09,1.5881218452954387e-08,5.1790949276700725e-09
647,2.9693815176077855e-09,1.5881218452954387e-08,5.1790949276700725e-09
648,2.9693815176077855e-09,1.5881218452954387e-08,5.1790949276700725e-09
649,2.9693815176077855e-09,1.5881218452954387e-08,5.1790949276700725e-09
650,2.9693815176077855e-09,1.5881218452954387e-08,5.1790949276700725e-09
651,2.9693815176077855e-09,1.580897608319581e-08,5.074802470308342e-09
652,2.9693815176077855e-09,1.580897608319581e-08,5.074802470308342e-09
653,2.9693815176077855e-09,1.580897608319581e-08,5.074802470308342e-09
654,2.9693815176077855e-09,1.580897608319581e-08,5.074802470308342e-09
655,2.9693815176077855e-09,1.580897608319581e-08,5.074802470308342e-09
656,2.9693815176077855e-09,1.580897608319581e-08,5.074802470308342e-09
657,2.9693815176077855e-09,1.580897608319581e-08,5.074802470308342e-09
658,2.9693815176077855e-09,1.580897608319581e-08,5.074802470308342e-09
659,2.9693815176077855e-09,1.580897608319581e-08,5.074802470308342e-09
660,2.9693815176077855e-09,1.580897608319581e-08,5.074802470308342e-09
661,2.9693815176077855e-09,1.534055215818422e-08,5.105546887515572e-09
662,2.9693815176077855e-09,1.534055215818422e-08,5.105546887515572e-09
663,2.9693815176077855e-09,1.5043817697962828e-08,4.957311735154055e-09
664,2.9693815176077855e-09,1.5043817697962828e-08,4.957311735154055e-09
665,2.9693815176077855e-09,1.5043817697962828e-08,4.957311735154055e-09
666,2.9693815176077855e-09,1.5043817697962828e-08,4.957311735154055e-09
667,2.9693815176077855e-09,1.5043817697962828e-08,4.957311735154055e-09
668,2.9693815176077855e-09,1.5043817697962828e-08,4.957311735154055e-09
669,2.9693815176077855e-09,1.5043817697962828e-08,4.957311735154055e-09
670,2.9693815176077855e-09,1.5043817697962828e-08,4.957311735154055e-09
671,2.9693815176077855e-09,1.5043817697962828e-08,4.957311735154055e-09
672,2.9693815176077855e-09,1.5043817697962828e-08,4.957311735154055e-09
673,2.9693815176077855e-09,1.5043817697962828e-08,4.957311735154055e-09
674,2.9693815176077855e-09,1.5043817697962828e-08,4.957311735154055e-09
675,2.9693815176077855e-09,1.5043817697962828e-08,4.957311735154055e-09
676,2.9693815176077855e-09,1.5043817697962828e-08,4.957311735154055e-09
677,2.9693815176077855e-09,1.5043817697962828e-08,4.957311735154055e-09
678,2.9693815176077855e-09,1.5043817697962828e-08,4.957311735154055e-09
679,2.9693815176077855e-09,1.5043817697962828e-08,4.957311735154055e-09
680,2.9693815176077855e-09,1.5043817697962828e-08,4.957311735154055e-09
681,2.9693815176077855e-09,1.5043817697962828e-08,4.957311735154055e-09
682,2.9693815176077855e-09,1.5043817697962828e-08,4.957311735154055e-09
683,2.9693815176077855e-09,1.5043817697962828e-08,4.957311735154055e-09
684,2.9693815176077855e-09,1.5043817697962828e-08,4.957311735154055e-09
685,2.9693815176077855e-09,1.5043817697962828e-08,4.957311735154055e-09
686,2.9693815176077855e-09,1.5043817697962828e-08,4.957311735154055e-09
687,2.9693815176077855e-09,1.5043817697962828e-08,4.957311735154055e-09
688,2.9693815176077855e-09,1.5043817697962828e-08,4.957311735154055e-09
689,2.9693815176077855e-09,1.5043817697962828e-08,4.957311735154055e-09
690,2.9693815176077855e-09,1.5043817697962828e-08,4.957311735154055e-09
691,2.9693815176077855e-09,1.5043817697962828e-08,4.957311735154055e-09
692,2.9693815176077855e-09,1.5043817697962828e-08,4.957311735154055e-09
693,2.9693815176077855e-09,1.5043817697962828e-08,4.957311735154055e-09
694,2.9693815176077855e-09,1.5043817697962828e-08,4.957311735154055e-09
695,2.9693815176077855e-09,1.5043817697962828e-08,4.957311735154055e-09
696,2.9693815176077855e-09,1.5043817697962828e-08,4.957311735154055e-09
697,2.9693815176077855e-09,1.5043817697962828e-08,4.957311735154055e-09
698,2.9693815176077855e-09,1.5043817697962828e-08,4.957311735154055e-09
699,2.9693815176077855e-09,1.5043817697962828e-08,4.957311735154055e-09
700,2.9693815176077855e-09,1.5043817697962828e-08,4.957311735154055e-09
701,2.9693815176077855e-09,1.5043817697962828e-08,4.957311735154055e-09
702,2.9693815176077855e-09,1.5043817697962828e-08,4.957311735154055e-09
703,2.9693815176077855e-09,1.5043817697962828e-08,4.957311735154055e-09
704,2.9693815176077855e-09,1.5043817697962828e-08,4.957311735154055e-09
705,2.9693815176077855e-09,1.5043817697962828e-08,4.957311735154055e-09
706,2.9693815176077855e-09,1.5043817697962828e-08,4.957311735154055e-09
707,2.9693815176077855e-09,1.5043817697962828e-08,4.957311735154055e-09
708,2.9693815176077855e-09,1.5043817697962828e-08,4.957311735154055e-09
709,2.9693815176077855e-09,1.5043817697962828e-08,4.957311735154055e-09
710,2.9693815176077855e-09,1.5043817697962828e-08,4.957311735154055e-09
711,2.9693815176077855e-09,1.5043817697962828e-08,4.957311735154055e-09
712,2.9693815176077855e-09,1.5043817697962828e-08,4.957311735154055e-09
713,2.9693815176077855e-09,1.5043817697962828e-08,4.957311735154055e-09
714,2.9693815176077855e-09,1.5043817697962828e-08,4.957311735154055e-09
715,2.9693815176077855e-09,1.5043817697962828e-08,4.957311735154055e-09
716,2.9693815176077855e-09,1.4608275083224995e-08,4.906420141088561e-09
717,2.9693815176077855e-09,1.4608275083224995e-08,4.906420141088561e-09
718,2.9693815176077855e-09,1.4608275083224995e-08,4.906420141088561e-09
719,2.9693815176077855e-09,1.4608275083224995e-08,4.906420141088561e-09
720,2.9693815176077855e-09,1.4608275083224995e-08,4.906420141088561e-09
721,2.9693815176077855e-09,1.4608275083224995e-08,4.906420141088561e-09
722,2.9693815176077855e-09,1.4608275083224995e-08,4.906420141088561e-09
723,2.9693815176077855e-09,1.4608275083224995e-08,4.906420141088561e-09
724,2.9693815176077855e-09,1.4166456783465858e-08,4.833108244744432e-09
725,2.9693815176077855e-09,1.4166456783465858e-08,4.833108244744432e-09
726,2.9693815176077855e-09,1.4166456783465858e-08,4.833108244744432e-09
727,2.9693815176077855e-09,1.4166456783465858e-08,4.833108244744432e-09
728,2.9693815176077855e-09,1.4166456783465858e-08,4.833108244744432e-09
729,2.9693815176077855e-09,1.4166456783465858e-08,4.833108244744432e-09
730,2.9693815176077855e-09,1.4166456783465858e-08,4.833108244744432e-09
731,2.9693815176077855e-09,1.4166456783465858e-08,4.833108244744432e-09
732,2.9693815176077855e-09,1.4166456783465858e-08,4.833108244744432e-09
733,2.9693815176077855e-09,1.4166456783465858e-08,4.833108244744432e-09
734,2.9693815176077855e-09,1.361330689814083e-08,4.931515617682088e-09
735,2.9693815176077855e-09,1.361330689814083e-08,4.931515617682088e-09
736,2.9693815176077855e-09,1.361330689814083e-08,4.931515617682088e-09
737,2.9693815176077855e-09,1.361330689814083e-08,4.931515617682088e-09
738,2.9693815176077855e-09,1.361330689814083e-08,4.931515617682088e-09
739,2.9693815176077855e-09,1.361330689814083e-08,4.931515617682088e-09
740,2.9693815176077855e-09,1.361330689814083e-08,4.931515617682088e-09
741,2.9693815176077855e-09,1.361330689814083e-08,4.931515617682088e-09
742,2.9693815176077855e-09,1.361330689814083e-08,4.931515617682088e-09
743,2.9693815176077855e-09,1.361330689814083e-08,4.931515617682088e-09
744,2.9693815176077855e-09,1.361330689814083e-08,4.931515617682088e-09
745,2.9693815176077855e-09,1.361330689814083e-08,4.931515617682088e-09
746,2.9693815176077855e-09,1.361330689814083e-08,4.931515617682088e-09
747,2.9693815176077855e-09,1.361330689814083e-08,4.931515617682088e-09
748,2.9693815176077855e-09,1.361330689814083e-08,4.931515617682088e-09
749,2.9693815176077855e-09,1.361330689814083e-08,4.931515617682088e-09
750,2.9693815176077855e-09,1.361330689814083e-08,4.931515617682088e-09
751,2.9693815176077855e-09,1.361330689814083e-08,4.931515617682088e-09
752,2.9693815176077855e-09,1.361330689814083e-08,4.931515617682088e-09
753,2.9693815176077855e-09,1.361330689814083e-08,4.931515617682088e-09
754,2.9693815176077855e-09,1.361330689814083e-08,4.931515617682088e-09
755,2.9693815176077855e-09,1.3308931523883955e-08,4.7239167654328805e-09
756,2.9693815176077855e-09,1.3308931523883955e-08,4.7239167654328805e-09
757,2.9693815176077855e-09,1.3308931523883955e-08,4.7239167654328805e-09
758,2.9693815176077855e-09,1.3308931523883955e-08,4.7239167654328805e-09
759,2.9693815176077855e-09,1.3308931523883955e-08,4.7239167654328805e-09
760,2.9693815176077855e-09,1.3308931523883955e-08,4.7239167654328805e-09
761,2.9693815176077855e-09,1.3308931523883955e-08,4.7239167654328805e-09
762,2.9693815176077855e-09,1.3308931523883955e-08,4.7239167654328805e-09
763,2.9693815176077855e-09,1.3308931523883955e-08,4.7239167654328805e-09
764,2.9693815176077855e-09,1.3308931523883955e-08,4.7239167654328805e-09
765,2.9693815176077855e-09,1.3308931523883955e-08,4.7239167654328805e-09
766,2.9693815176077855e-09,1.3308931523883955e-08,4.7239167654328805e-09
767,2.9693815176077855e-09,1.2973304766912545e-08,4.516830519153212e-09
768,2.9693815176077855e-09,1.246630946411417e-08,4.5263854552919805e-09
769,2.9693815176077855e-09,1.1921723908113818e-08,4.541669607673637e-09
770,2.9693815176077855e-09,1.1921723908113818e-08,4.541669607673637e-09
771,2.9693815176077855e-09,1.1921723908113818e-08,4.541669607673637e-09
772,2.9693815176077855e-09,1.1921723908113818e-08,4.541669607673637e-09
773,2.9693815176077855e-09,1.1921723908113818e-08,4.541669607673637e-09
774,2.9693815176077855e-09,1.1921723908113818e-08,4.541669607673637e-09
775,2.9693815176077855e-09,1.1921723908113818e-08,4.541669607673637e-09
776,2.9693815176077855e-09,1.1921723908113818e-08,4.541669607673637e-09
777,2.9693815176077855e-09,1.1921723908113818e-08,4.541669607673637e-09
778,2.9693815176077855e-09,1.1921723908113818e-08,4.541669607673637e-09
779,2.9693815176077855e-09,1.1921723908113818e-08,4.541669607673637e-09
780,2.9693815176077855e-09,1.1921723908113818e-08,4.541669607673637e-09
781,2.9693815176077855e-09,1.1921723908113818e-08,4.541669607673637e-09
782,2.9693815176077855e-09,1.1921723908113818e-08,4.541669607673637e-09
783,2.9693815176077855e-09,1.1921723908113818e-08,4.541669607673637e-09
784,2.9693815176077855e-09,1.1921723908113818e-08,4.541669607673637e-09
785,2.9693815176077855e-09,1.1921723908113818e-08,4.541669607673637e-09
786,2.9693815176077855e-09,1.1921723908113818e-08,4.541669607673637e-09
787,2.9693815176077855e-09,1.1921723908113818e-08,4.541669607673637e-09
788,2.9693815176077855e-09,1.1921723908113818e-08,4.541669607673637e-09
789,2.9693815176077855e-09,1.1921723908113818e-08,4.541669607673637e-09
790,2.9693815176077855e-09,1.1921723908113818e-08,4.541669607673637e-09
791,2.9693815176077855e-09,1.1921723908113818e-08,4.541669607673637e-09
792,2.9693815176077855e-09,1.1921723908113818e-08,4.541669607673637e-09
793,2.9693815176077855e-09,1.1921723908113818e-08,4.541669607673637e-09
794,2.9693815176077855e-09,1.1921723908113818e-08,4.541669607673637e-09
795,2.9693815176077855e-09,1.1921723908113818e-08,4.541669607673637e-09
796,2.9693815176077855e-09,1.1921723908113818e-08,4.541669607673637e-09
797,2.9693815176077855e-09,1.1921723908113818e-08,4.541669607673637e-09
798,2.9693815176077855e-09,1.1921723908113818e-08,4.541669607673637e-09
799,2.9693815176077855e-09,1.1921723908113818e-08,4.541669607673637e-09
800,2.9693815176077855e-09,1.1852513033111792e-08,4.428686299425032e-09
801,2.9693815176077855e-09,1.1852513033111792e-08,4.428686299425032e-09
802,2.9693815176077855e-09,1.1852513033111792e-08,4.428686299425032e-09
803,2.9693815176077855e-09,1.1852513033111792e-08,4.428686299425032e-09
804,2.9693815176077855e-09,1.1852513033111792e-08,4.428686299425032e-09
805,2.9693815176077855e-09,1.1852513033111792e-08,4.428686299425032e-09
806,2.9693815176077855e-09,1.1852513033111792e-08,4.428686299425032e-09
807,2.9693815176077855e-09,1.1852513033111792e-08,4.428686299425032e-09
808,2.9693815176077855e-09,1.1852513033111792e-08,4.428686299425032e-09
809,2.9693815176077855e-09,1.1852513033111792e-08,4.428686299425032e-09
810,2.9693815176077855e-09,1.1824136637429234e-08,4.38727917865346e-09
811,2.9693815176077855e-09,1.1824136637429234e-08,4.38727917865346e-09
812,2.9693815176077855e-09,1.1824136637429234e-08,4.38727917865346e-09
813,2.9693815176077855e-09,1.1824136637429234e-08,4.38727917865346e-09
814,2.9693815176077855e-09,1.1824136637429234e-08,4.38727917865346e-09
815,2.9693815176077855e-09,1.1824136637429234e-08,4.38727917865346e-09
816,2.9693815176077855e-09,1.1824136637429234e-08,4.38727917865346e-09
817,2.9693815176077855e-09,1.1824136637429234e-08,4.38727917865346e-09
818,2.9693815176077855e-09,1.1824136637429234e-08,4.38727917865346e-09
819,2.9693815176077855e-09,1.1824136637429234e-08,4.38727917865346e-09
820,2.9693815176077855e-09,1.1824136637429234e-08,4.38727917865346e-09
821,2.9693815176077855e-09,1.1824136637429234e-08,4.38727917865346e-09
822,2.9693815176077855e-09,1.1824136637429234e-08,4.38727917865346e-09
823,2.9693815176077855e-09,1.1824136637429234e-08,4.38727917865346e-09
824,2.9693815176077855e-09,1.1824136637429234e-08,4.38727917865346e-09
825,2.9693815176077855e-09,1.1824136637429234e-08,4.38727917865346e-09
826,2.9693815176077855e-09,1.1824136637429234e-08,4.38727917865346e-09
827,2.9693815176077855e-09,1.1824136637429234e-08,4.38727917865346e-09
828,2.9693815176077855e-09,1.1824136637429234e-08,4.38727917865346e-09
829,2.9693815176077855e-09,1.1824136637429234e-08,4.38727917865346e-09
830,2.9693815176077855e-09,1.1824136637429234e-08,4.38727917865346e-09
831,2.9693815176077855e-09,1.1824136637429234e-08,4.38727917865346e-09
832,2.9693815176077855e-09,1.1824136637429234e-08,4.38727917865346e-09
833,2.9693815176077855e-09,1.1824136637429234e-08,4.38727917865346e-09
834,2.9693815176077855e-09,1.1824136637429234e-08,4.38727917865346e-09
835,2.9693815176077855e-09,1.1824136637429234e-08,4.38727917865346e-09
836,2.9693815176077855e-09,1.1824136637429234e-08,4.38727917865346e-09
837,2.9693815176077855e-09,1.1824136637429234e-08,4.38727917865346e-09
838,2.9693815176077855e-09,1.1824136637429234e-08,4.38727917865346e-09
839,2.9693815176077855e-09,1.1824136637429234e-08,4.38727917865346e-09
840,2.9693815176077855e-09,1.1824136637429234e-08,4.38727917865346e-09
841,2.9693815176077855e-09,1.1824136637429234e-08,4.38727917865346e-09
842,2.9693815176077855e-09,1.1824136637429234e-08,4.38727917865346e-09
843,2.9693815176077855e-09,1.1824136637429234e-08,4.38727917865346e-09
844,2.9693815176077855e-09,1.1824136637429234e-08,4.38727917865346e-09
845,2.9693815176077855e-09,1.1824136637429234e-08,4.38727917865346e-09
846,2.9693815176077855e-09,1.1824136637429234e-08,4.38727917865346e-09
847,2.9693815176077855e-09,1.1824136637429234e-08,4.38727917865346e-09
848,2.9693815176077855e-09,1.1824136637429234e-08,4.38727917865346e-09
849,2.9693815176077855e-09,1.1824136637429234e-08,4.38727917865346e-09
850,2.9693815176077855e-09,1.1824136637429234e-08,4.38727917865346e-09
851,2.9693815176077855e-09,1.1824136637429234e-08,4.38727917865346e-09
852,2.9693815176077855e-09,1.1824136637429234e-08,4.38727917865346e-09
853,2.9693815176077855e-09,1.1824136637429234e-08,4.38727917865346e-09
854,2.9693815176077855e-09,1.1824136637429234e-08,4.38727917865346e-09
855,2.9693815176077855e-09,1.1824136637429234e-08,4.38727917865346e-09
856,2.9693815176077855e-09,1.1824136637429234e-08,4.38727917865346e-09
857,2.9693815176077855e-09,1.1824136637429234e-08,4.38727917865346e-09
858,2.9693815176077855e-09,1.1824136637429234e-08,4.38727917865346e-09
859,2.9693815176077855e-09,1.1824136637429234e-08,4.38727917865346e-09
860,2.9693815176077855e-09,1.1824136637429234e-08,4.38727917865346e-09
861,2.9693815176077855e-09,1.1824136637429234e-08,4.38727917865346e-09
862,2.9693815176077855e-09,1.1824136637429234e-08,4.38727917865346e-09
863,2.9693815176077855e-09,1.1824136637429234e-08,4.38727917865346e-09
864,2.9693815176077855e-09,1.1824136637429234e-08,4.38727917865346e-09
865,2.9693815176077855e-09,1.1824136637429234e-08,4.38727917865346e-09
866,2.9693815176077855e-09,1.1824136637429234e-08,4.38727917865346e-09
867,2.9693815176077855e-09,1.1824136637429234e-08,4.38727917865346e-09
868,2.9693815176077855e-09,1.1824136637429234e-08,4.38727917865346e-09
869,2.9693815176077855e-09,1.1824136637429234e-08,4.38727917865346e-09
870,2.9693815176077855e-09,1.1824136637429234e-08,4.38727917865346e-09
871,2.9693815176077855e-09,1.1824136637429234e-08,4.38727917865346e-09
872,2.9693815176077855e-09,1.1824136637429234e-08,4.38727917865346e-09
873,2.9693815176077855e-09,1.1824136637429234e-08,4.38727917865346e-09
874,2.9693815176077855e-09,1.1824136637429234e-08,4.38727917865346e-09
875,2.9693815176077855e-09,1.1824136637429234e-08,4.38727917865346e-09
876,2.9693815176077855e-09,1.1824136637429234e-08,4.38727917865346e-09
877,2.9693815176077855e-09,1.1824136637429234e-08,4.38727917865346e-09
878,2.9693815176077855e-09,1.1824136637429234e-08,4.38727917865346e-09
879,2.9693815176077855e-09,1.1824136637429234e-08,4.38727917865346e-09
880,2.9693815176077855e-09,1.1824136637429234e-08,4.38727917865346e-09
881,2.9693815176077855e-09,1.1824136637429234e-08,4.38727917865346e-09
882,2.9693815176077855e-09,1.1376131721176548e-08,4.428650064445782e-09
883,2.9693815176077855e-09,1.1355768544089243e-08,4.400213911431771e-09
884,2.9693815176077855e-09,1.1355768544089243e-08,4.400213911431771e-09
885,2.9693815176077855e-09,1.1355768544089243e-08,4.400213911431771e-09
886,2.9693815176077855e-09,1.1355768544089243e-08,4.400213911431771e-09
887,2.9693815176077855e-09,1.1355768544089243e-08,4.400213911431771e-09
888,2.9693815176077855e-09,1.1355768544089243e-08,4.400213911431771e-09
889,2.9693815176077855e-09,1.1355768544089243e-08,4.400213911431771e-09
890,2.9693815176077855e-09,1.1355768544089243e-08,4.400213911431771e-09
891,2.9693815176077855e-09,1.1355768544089243e-08,4.400213911431771e-09
892,2.9693815176077855e-09,1.1355768544089243e-08,4.400213911431771e-09
893,2.9693815176077855e-09,1.1355768544089243e-08,4.400213911431771e-09
894,2.9693815176077855e-09,1.1355768544089243e-08,4.400213911431771e-09
895,2.9693815176077855e-09,1.1355768544089243e-08,4.400213911431771e-09
896,2.9693815176077855e-09,1.1355768544089243e-08,4.400213911431771e-09
897,2.9693815176077855e-09,1.1355768544089243e-08,4.400213911431771e-09
898,2.9693815176077855e-09,1.1355768544089243e-08,4.400213911431771e-09
899,2.9693815176077855e-09,1.1355768544089243e-08,4.400213911431771e-09
900,2.9693815176077855e-09,1.1355768544089243e-08,4.400213911431771e-09
901,2.9693815176077855e-09,1.1355768544089243e-08,4.400213911431771e-09
902,2.9693815176077855e-09,1.1355768544089243e-08,4.400213911431771e-09
903,2.9693815176077855e-09,1.1355768544089243e-08,4.400213911431771e-09
904,2.9693815176077855e-09,1.1355768544089243e-08,4.400213911431771e-09
905,2.9693815176077855e-09,1.1355768544089243e-08,4.400213911431771e-09
906,2.9693815176077855e-09,1.1355768544089243e-08,4.400213911431771e-09
907,2.9693815176077855e-09,1.1355768544089243e-08,4.400213911431771e-09
908,2.9693815176077855e-09,1.1355768544089243e-08,4.400213911431771e-09
909,2.9693815176077855e-09,1.1355768544089243e-08,4.400213911431771e-09
910,2.9693815176077855e-09,1.1355768544089243e-08,4.400213911431771e-09
911,2.9693815176077855e-09,1.1355768544089243e-08,4.400213911431771e-09
912,2.9693815176077855e-09,1.1355768544089243e-08,4.400213911431771e-09
913,2.9693815176077855e-09,1.1355768544089243e-08,4.400213911431771e-09
914,2.9693815176077855e-09,1.1318760459421256e-08,4.352431939464758e-09
915,2.9693815176077855e-09,1.1318760459421256e-08,4.352431939464758e-09
916,2.9693815176077855e-09,1.1318760459421256e-08,4.352431939464758e-09
917,2.9693815176077855e-09,1.1318760459421256e-08,4.352431939464758e-09
918,2.9693815176077855e-09,1.1318760459421256e-08,4.352431939464758e-09
919,2.9693815176077855e-09,1.1029918815358387e-08,4.245442254021843e-09
920,2.9693815176077855e-09,1.1029918815358387e-08,4.245442254021843e-09
921,2.9693815176077855e-09,1.1029918815358387e-08,4.245442254021843e-09
922,2.9693815176077855e-09,1.1029918815358387e-08,4.245442254021843e-09
923,2.9693815176077855e-09,1.1029918815358387e-08,4.245442254021843e-09
924,2.9693815176077855e-09,1.1029918815358387e-08,4.245442254021843e-09
925,2.9693815176077855e-09,1.1029918815358387e-08,4.245442254021843e-09
926,2.9693815176077855e-09,1.1029918815358387e-08,4.245442254021843e-09
927,2.9693815176077855e-09,1.1029918815358387e-08,4.245442254021843e-09
928,2.9693815176077855e-09,1.1029918815358387e-08,4.245442254021843e-09
929,2.9693815176077855e-09,1.1029918815358387e-08,4.245442254021843e-09
930,2.9693815176077855e-09,1.1029918815358387e-08,4.245442254021843e-09
931,2.9693815176077855e-09,1.1029918815358387e-08,4.245442254021843e-09
932,2.9693815176077855e-09,1.1029918815358387e-08,4.245442254021843e-09
933,2.9693815176077855e-09,1.1029918815358387e-08,4.245442254021843e-09
934,2.9693815176077855e-09,1.1029918815358387e-08,4.245442254021843e-09
935,2.9693815176077855e-09,1.1029918815358387e-08,4.245442254021843e-09
936,2.9693815176077855e-09,1.1029918815358387e-08,4.245442254021843e-09
937,2.9693815176077855e-09,1.1029918815358387e-08,4.245442254021843e-09
938,2.9693815176077855e-09,1.1029918815358387e-08,4.245442254021843e-09
939,2.9693815176077855e-09,1.1029918815358387e-08,4.245442254021843e-09
940,2.9693815176077855e-09,1.1029918815358387e-08,4.245442254021843e-09
941,2.9693815176077855e-09,1.1029918815358387e-08,4.245442254021843e-09
942,2.9693815176077855e-09,1.0874528372233487e-08,4.101525842478875e-09
943,2.9693815176077855e-09,1.0874528372233487e-08,4.101525842478875e-09
944,2.9693815176077855e-09,1.0874528372233487e-08,4.101525842478875e-09
945,2.9693815176077855e-09,1.0874528372233487e-08,4.101525842478875e-09
946,2.9693815176077855e-09,1.0874528372233487e-08,4.101525842478875e-09
947,2.9693815176077855e-09,1.0874528372233487e-08,4.101525842478875e-09
948,2.9693815176077855e-09,1.0874528372233487e-08,4.101525842478875e-09
949,2.9693815176077855e-09,1.0874528372233487e-08,4.101525842478875e-09
950,2.9693815176077855e-09,1.0874528372233487e-08,4.101525842478875e-09
951,2.9693815176077855e-09,1.0874528372233487e-08,4.101525842478875e-09
952,2.9693815176077855e-09,1.0874528372233487e-08,4.101525842478875e-09
953,2.9693815176077855e-09,1.0874528372233487e-08,4.101525842478875e-09
954,2.9693815176077855e-09,1.0874528372233487e-08,4.101525842478875e-09
955,2.9693815176077855e-09,1.0874528372233487e-08,4.101525842478875e-09
956,2.9693815176077855e-09,1.0874528372233487e-08,4.101525842478875e-09
957,2.9693815176077855e-09,1.0874528372233487e-08,4.101525842478875e-09
958,2.9693815176077855e-09,1.0874528372233487e-08,4.101525842478875e-09
959,2.9693815176077855e-09,1.0874528372233487e-08,4.101525842478875e-09
960,2.9693815176077855e-09,1.0874528372233487e-08,4.101525842478875e-09
961,2.9693815176077855e-09,1.0874528372233487e-08,4.101525842478875e-09
962,2.9693815176077855e-09,1.0874528372233487e-08,4.101525842478875e-09
963,2.9693815176077855e-09,1.0874528372233487e-08,4.101525842478875e-09
964,2.9693815176077855e-09,1.0874528372233487e-08,4.101525842478875e-09
965,2.9693815176077855e-09,1.0874528372233487e-08,4.101525842478875e-09
966,2.9693815176077855e-09,1.0874528372233487e-08,4.101525842478875e-09
967,2.9693815176077855e-09,1.0874528372233487e-08,4.101525842478875e-09
968,2.9693815176077855e-09,1.0874528372233487e-08,4.101525842478875e-09
969,2.9693815176077855e-09,1.0800469677565141e-08,4.010491541804202e-09
970,2.9693815176077855e-09,1.0800469677565141e-08,4.010491541804202e-09
971,2.9693815176077855e-09,1.0800469677565141e-08,4.010491541804202e-09
972,2.9693815176077855e-09,1.0800469677565141e-08,4.010491541804202e-09
973,2.9693815176077855e-09,1.0800469677565141e-08,4.010491541804202e-09
974,2.9693815176077855e-09,1.0800469677565141e-08,4.010491541804202e-09
975,2.9693815176077855e-09,1.0800469677565141e-08,4.010491541804202e-09
976,2.9693815176077855e-09,1.0800469677565141e-08,4.010491541804202e-09
977,2.9693815176077855e-09,1.0800469677565141e-08,4.010491541804202e-09
978,2.9693815176077855e-09,1.0800469677565141e-08,4.010491541804202e-09
979,2.9693815176077855e-09,1.0800469677565141e-08,4.010491541804202e-09
980,2.9693815176077855e-09,1.0800469677565141e-08,4.010491541804202e-09
981,2.9693815176077855e-09,1.0800469677565141e-08,4.010491541804202e-09
982,2.9693815176077855e-09,1.0800469677565141e-08,4.010491541804202e-09
983,2.9693815176077855e-09,1.0800469677565141e-08,4.010491541804202e-09
984,2.9693815176077855e-09,1.0800469677565141e-08,4.010491541804202e-09
985,2.9693815176077855e-09,1.0800469677565141e-08,4.010491541804202e-09
986,2.9693815176077855e-09,1.0800469677565141e-08,4.010491541804202e-09
987,2.9693815176077855e-09,1.0800469677565141e-08,4.010491541804202e-09
988,2.9693815176077855e-09,1.0800469677565141e-08,4.010491541804202e-09
989,2.9693815176077855e-09,1.0800469677565141e-08,4.010491541804202e-09
990,2.9693815176077855e-09,1.0800469677565141e-08,4.010491541804202e-09
991,2.9693815176077855e-09,1.0800469677565141e-08,4.010491541804202e-09
992,2.9693815176077855e-09,1.0800469677565141e-08,4.010491541804202e-09
993,2.9693815176077855e-09,1.0800469677565141e-08,4.010491541804202e-09
994,2.9693815176077855e-09,1.0800469677565141e-08,4.010491541804202e-09
995,2.9693815176077855e-09,1.0800469677565141e-08,4.010491541804202e-09
996,2.9693815176077855e-09,1.0800469677565141e-08,4.010491541804202e-09
997,2.9693815176077855e-09,1.0800469677565141e-08,4.010491541804202e-09
998,2.9693815176077855e-09,1.0800469677565141e-08,4.010491541804202e-09
999,2.9693815176077855e-09,1.0800469677565141e-08,4.010491541804202e-09
1000,2.9693815176077855e-09,1.0800469677565141e-08,4.010491541804202e-09
1001,2.9693815176077855e-09,1.0800469677565141e-08,4.010491541804202e-09
1002,2.9693815176077855e-09,1.0800469677565141e-08,4.010491541804202e-09
1003,2.9693815176077855e-09,1.0800469677565141e-08,4.010491541804202e-09
1004,2.9693815176077855e-09,1.0800469677565141e-08,4.010491541804202e-09
1005,2.9693815176077855e-09,1.0800469677565141e-08,4.010491541804202e-09
1006,2.9693815176077855e-09,1.0377418577515006e-08,4.057018436378827e-09
1007,2.9693815176077855e-09,1.0377418577515006e-08,4.057018436378827e-09
1008,2.9693815176077855e-09,1.0377418577515006e-08,4.057018436378827e-09
1009,2.9693815176077855e-09,1.0377418577515006e-08,4.057018436378827e-09
1010,2.9693815176077855e-09,1.0377418577515006e-08,4.057018436378827e-09
1011,2.9693815176077855e-09,1.0377418577515006e-08,4.057018436378827e-09
1012,2.9693815176077855e-09,1.0377418577515006e-08,4.057018436378827e-09
1013,2.9693815176077855e-09,1.0377418577515006e-08,4.057018436378827e-09
1014,2.9693815176077855e-09,1.0377418577515006e-08,4.057018436378827e-09
1015,2.9693815176077855e-09,1.0377418577515006e-08,4.057018436378827e-09
1016,2.9693815176077855e-09,1.0377418577515006e-08,4.057018436378827e-09
1017,2.9693815176077855e-09,1.0377418577515006e-08,4.057018436378827e-09
1018,2.9693815176077855e-09,1.0377418577515006e-08,4.057018436378827e-09
1019,2.9693815176077855e-09,1.0377418577515006e-08,4.057018436378827e-09
1020,2.9693815176077855e-09,1.0377418577515006e-08,4.057018436378827e-09
1021,2.9693815176077855e-09,1.0377418577515006e-08,4.057018436378827e-09
1022,2.9693815176077855e-09,1.0377418577515006e-08,4.057018436378827e-09
1023,2.9693815176077855e-09,1.0377418577515006e-08,4.057018436378827e-09
1024,2.9693815176077855e-09,1.0377418577515006e-08,4.057018436378827e-09
1025,2.9693815176077855e-09,1.0377418577515006e-08,4.057018436378827e-09
1026,2.9693815176077855e-09,1.0377418577515006e-08,4.057018436378827e-09
1027,2.9693815176077855e-09,1.0377418577515006e-08,4.057018436378827e-09
1028,2.9693815176077855e-09,1.0195161736193054e-08,3.904314739163012e-09
1029,2.9693815176077855e-09,1.0195161736193054e-08,3.904314739163012e-09
1030,2.9693815176077855e-09,1.0195161736193054e-08,3.904314739163012e-09
1031,2.9693815176077855e-09,1.0195161736193054e-08,3.904314739163012e-09
1032,2.9693815176077855e-09,1.0195161736193054e-08,3.904314739163012e-09
1033,2.9693815176077855e-09,1.0195161736193054e-08,3.904314739163012e-09
1034,2.9693815176077855e-09,1.0195161736193054e-08,3.904314739163012e-09
1035,2.9693815176077855e-09,1.0195161736193054e-08,3.904314739163012e-09
1036,2.9693815176077855e-09,1.0195161736193054e-08,3.904314739163012e-09
1037,2.9693815176077855e-09,1.0195161736193054e-08,3.904314739163012e-09
1038,2.9693815176077855e-09,1.0195161736193054e-08,3.904314739163012e-09
1039,2.9693815176077855e-09,1.0195161736193054e-08,3.904314739163012e-09
1040,2.9693815176077855e-09,1.0195161736193054e-08,3.904314739163012e-09
1041,2.9693815176077855e-09,1.0195161736193054e-08,3.904314739163012e-09
1042,2.9693815176077855e-09,1.0195161736193054e-08,3.904314739163012e-09
1043,2.9693815176077855e-09,1.0195161736193054e-08,3.904314739163012e-09
1044,2.9693815176077855e-09,9.801305494302124e-09,3.899548791818452e-09
1045,2.9693815176077855e-09,9.801305494302124e-09,3.899548791818452e-09
1046,2.9693815176077855e-09,9.801305494302124e-09,3.899548791818452e-09
1047,2.9693815176077855e-09,9.801305494302124e-09,3.899548791818452e-09
1048,2.9693815176077855e-09,9.801305494302124e-09,3.899548791818452e-09
1049,2.9693815176077855e-09,9.801305494302124e-09,3.899548791818452e-09
1050,2.9693815176077855e-09,9.801305494302124e-09,3.899548791818452e-09
1051,2.9693815176077855e-09,9.801305494302124e-09,3.899548791818452e-09
1052,2.9693815176077855e-09,9.801305494302124e-09,3.899548791818452e-09
1053,2.9693815176077855e-09,9.801305494302124e-09,3.899548791818452e-09
1054,2.9693815176077855e-09,9.801305494302124e-09,3.899548791818452e-09
1055,2.9693815176077855e-09,9.801305494302124e-09,3.899548791818452e-09
1056,2.9693815176077855e-09,9.801305494302124e-09,3.899548791818452e-09
1057,2.9693815176077855e-09,9.801305494302124e-09,3.899548791818452e-09
1058,2.9693815176077855e-09,9.801305494302124e-09,3.899548791818452e-09
1059,2.9693815176077855e-09,9.801305494302124e-09,3.899548791818452e-09
1060,2.9693815176077855e-09,9.801305494302124e-09,3.899548791818452e-09
1061,2.9693815176077855e-09,9.801305494302124e-09,3.899548791818452e-09
1062,2.9693815176077855e-09,9.489781574323312e-09,3.7864025678290626e-09
1063,2.9693815176077855e-09,9.489781574323312e-09,3.7864025678290626e-09
1064,2.9693815176077855e-09,9.489781574323312e-09,3.7864025678290626e-09
1065,2.9693815176077855e-09,9.489781574323312e-09,3.7864025678290626e-09
1066,2.9693815176077855e-09,9.489781574323312e-09,3.7864025678290626e-09
1067,2.9693815176077855e-09,9.489781574323312e-09,3.7864025678290626e-09
1068,2.9693815176077855e-09,9.489781574323312e-09,3.7864025678290626e-09
1069,2.9693815176077855e-09,9.489781574323312e-09,3.7864025678290626e-09
1070,2.9693815176077855e-09,9.489781574323312e-09,3.7864025678290626e-09
1071,2.9693815176077855e-09,9.489781574323312e-09,3.7864025678290626e-09
1072,2.9693815176077855e-09,9.489781574323312e-09,3.7864025678290626e-09
1073,2.9693815176077855e-09,9.489781574323312e-09,3.7864025678290626e-09
1074,2.9693815176077855e-09,9.489781574323312e-09,3.7864025678290626e-09
1075,2.9693815176077855e-09,9.489781574323312e-09,3.7864025678290626e-09
1076,2.9693815176077855e-09,9.489781574323312e-09,3.7864025678290626e-09
1077,2.9693815176077855e-09,9.489781574323312e-09,3.7864025678290626e-09
1078,2.9693815176077855e-09,9.489781574323312e-09,3.7864025678290626e-09
1079,2.9693815176077855e-09,9.489781574323312e-09,3.7864025678290626e-09
1080,2.9693815176077855e-09,9.489781574323312e-09,3.7864025678290626e-09
1081,2.9693815176077855e-09,9.489781574323312e-09,3.7864025678290626e-09
1082,2.9693815176077855e-09,9.489781574323312e-09,3.7864025678290626e-09
1083,2.9693815176077855e-09,9.489781574323312e-09,3.7864025678290626e-09
1084,2.9693815176077855e-09,9.489781574323312e-09,3.7864025678290626e-09
1085,2.9693815176077855e-09,9.489781574323312e-09,3.7864025678290626e-09
1086,2.9693815176077855e-09,9.489781574323312e-09,3.7864025678290626e-09
1087,2.9693815176077855e-09,9.489781574323312e-09,3.7864025678290626e-09
1088,2.9693815176077855e-09,9.489781574323312e-09,3.7864025678290626e-09
1089,2.9693815176077855e-09,9.489781574323312e-09,3.7864025678290626e-09
1090,2.9693815176077855e-09,9.489781574323312e-09,3.7864025678290626e-09
1091,2.9693815176077855e-09,9.489781574323312e-09,3.7864025678290626e-09
1092,2.9693815176077855e-09,9.489781574323312e-09,3.7864025678290626e-09
1093,2.9693815176077855e-09,9.489781574323312e-09,3.7864025678290626e-09
1094,2.9693815176077855e-09,9.489781574323312e-09,3.7864025678290626e-09
1095,2.9693815176077855e-09,9.489781574323312e-09,3.7864025678290626e-09
1096,2.9693815176077855e-09,9.489781574323312e-09,3.7864025678290626e-09
1097,2.9693815176077855e-09,9.489781574323312e-09,3.7864025678290626e-09
1098,2.9693815176077855e-09,9.489781574323312e-09,3.7864025678290626e-09
1099,2.9693815176077855e-09,9.489781574323312e-09,3.7864025678290626e-09
1100,2.9693815176077855e-09,9.489781574323312e-09,3.7864025678290626e-09
1101,2.9693815176077855e-09,9.489781574323312e-09,3.7864025678290626e-09
1102,2.9693815176077855e-09,9.489781574323312e-09,3.7864025678290626e-09
1103,2.9693815176077855e-09,9.489781574323312e-09,3.7864025678290626e-09
1104,2.9693815176077855e-09,9.489781574323312e-09,3.7864025678290626e-09
1105,2.9693815176077855e-09,9.489781574323312e-09,3.7864025678290626e-09
1106,2.9693815176077855e-09,9.489781574323312e-09,3.7864025678290626e-09
1107,2.9693815176077855e-09,9.489781574323312e-09,3.7864025678290626e-09
1108,2.9693815176077855e-09,9.489781574323312e-09,3.7864025678290626e-09
1109,2.9693815176077855e-09,9.489781574323312e-09,3.7864025678290626e-09
1110,2.9693815176077855e-09,9.489781574323312e-09,3.7864025678290626e-09
1111,2.9693815176077855e-09,9.489781574323312e-09,3.7864025678290626e-09
1112,2.9693815176077855e-09,9.489781574323312e-09,3.7864025678290626e-09
1113,2.9693815176077855e-09,9.489781574323312e-09,3.7864025678290626e-09
1114,2.9693815176077855e-09,9.489781574323312e-09,3.7864025678290626e-09
1115,2.9693815176077855e-09,9.489781574323312e-09,3.7864025678290626e-09
1116,2.9693815176077855e-09,9.489781574323312e-09,3.7864025678290626e-09
1117,2.9693815176077855e-09,9.489781574323312e-09,3.7864025678290626e-09
1118,2.9693815176077855e-09,9.489781574323312e-09,3.7864025678290626e-09
1119,2.9693815176077855e-09,9.462310645778811e-09,3.745099473405918e-09
1120,2.9693815176077855e-09,9.462310645778811e-09,3.745099473405918e-09
1121,2.9693815176077855e-09,9.462310645778811e-09,3.745099473405918e-09
1122,2.9693815176077855e-09,9.462310645778811e-09,3.745099473405918e-09
1123,2.9693815176077855e-09,9.462310645778811e-09,3.745099473405918e-09
1124,2.9693815176077855e-09,9.462310645778811e-09,3.745099473405918e-09
1125,2.9693815176077855e-09,9.462310645778811e-09,3.745099473405918e-09
1126,2.9693815176077855e-09,9.462310645778811e-09,3.745099473405918e-09
1127,2.9693815176077855e-09,9.462310645778811e-09,3.745099473405918e-09
1128,2.9693815176077855e-09,9.462310645778811e-09,3.745099473405918e-09
1129,2.9693815176077855e-09,9.462310645778811e-09,3.745099473405918e-09
1130,2.9693815176077855e-09,9.462310645778811e-09,3.745099473405918e-09
1131,2.9693815176077855e-09,9.462310645778811e-09,3.745099473405918e-09
1132,2.9693815176077855e-09,9.462310645778811e-09,3.745099473405918e-09
1133,2.9693815176077855e-09,9.388701126206339e-09,3.651428146025904e-09
1134,2.9693815176077855e-09,9.388701126206339e-09,3.651428146025904e-09
1135,2.9693815176077855e-09,9.388701126206339e-09,3.651428146025904e-09
1136,2.9693815176077855e-09,9.388701126206339e-09,3.651428146025904e-09
1137,2.9693815176077855e-09,9.388701126206339e-09,3.651428146025904e-09
1138,2.9693815176077855e-09,9.086930696404956e-09,3.5690477088107907e-09
1139,2.9693815176077855e-09,9.086930696404956e-09,3.5690477088107907e-09
1140,2.9693815176077855e-09,9.086930696404956e-09,3.5690477088107907e-09
1141,2.9693815176077855e-09,9.086930696404956e-09,3.5690477088107907e-09
1142,2.9693815176077855e-09,9.086930696404956e-09,3.5690477088107907e-09
1143,2.9693815176077855e-09,8.936684022435315e-09,3.423199883292614e-09
1144,2.9693815176077855e-09,8.936684022435315e-09,3.423199883292614e-09
1145,2.9693815176077855e-09,8.936684022435315e-09,3.423199883292614e-09
1146,2.9693815176077855e-09,8.936684022435315e-09,3.423199883292614e-09
1147,2.9693815176077855e-09,8.936684022435315e-09,3.423199883292614e-09
1148,2.9693815176077855e-09,8.936684022435315e-09,3.423199883292614e-09
1149,2.9693815176077855e-09,8.936684022435315e-09,3.423199883292614e-09
1150,2.9693815176077855e-09,8.936684022435315e-09,3.423199883292614e-09
1151,2.9693815176077855e-09,8.936684022435315e-09,3.423199883292614e-09
1152,2.9693815176077855e-09,8.936684022435315e-09,3.423199883292614e-09
1153,2.9693815176077855e-09,8.936684022435315e-09,3.423199883292614e-09
1154,2.9693815176077855e-09,8.936684022435315e-09,3.423199883292614e-09
1155,2.9693815176077855e-09,8.936684022435315e-09,3.423199883292614e-09
1156,2.9693815176077855e-09,8.936684022435315e-09,3.423199883292614e-09
1157,2.9693815176077855e-09,8.936684022435315e-09,3.423199883292614e-09
1158,2.9693815176077855e-09,8.936684022435315e-09,3.423199883292614e-09
1159,2.9693815176077855e-09,8.936684022435315e-09,3.423199883292614e-09
1160,2.9693815176077855e-09,8.936684022435315e-09,3.423199883292614e-09
1161,2.9693815176077855e-09,8.936684022435315e-09,3.423199883292614e-09
1162,2.9693815176077855e-09,8.936684022435315e-09,3.423199883292614e-09
1163,2.9693815176077855e-09,8.936684022435315e-09,3.423199883292614e-09
1164,2.9693815176077855e-09,8.936684022435315e-09,3.423199883292614e-09
1165,2.9693815176077855e-09,8.936684022435315e-09,3.423199883292614e-09
1166,2.9693815176077855e-09,8.936684022435315e-09,3.423199883292614e-09
1167,2.9693815176077855e-09,8.936684022435315e-09,3.423199883292614e-09
1168,2.9693815176077855e-09,8.936684022435315e-09,3.423199883292614e-09
1169,2.9693815176077855e-09,8.936684022435315e-09,3.423199883292614e-09
1170,2.9693815176077855e-09,8.936684022435315e-09,3.423199883292614e-09
1171,2.9693815176077855e-09,8.936684022435315e-09,3.423199883292614e-09
1172,2.9693815176077855e-09,8.689638210233097e-09,3.2690506109876074e-09
1173,2.9693815176077855e-09,8.689638210233097e-09,3.2690506109876074e-09
1174,2.9693815176077855e-09,8.689638210233097e-09,3.2690506109876074e-09
1175,2.9693815176077855e-09,8.689638210233097e-09,3.2690506109876074e-09
1176,2.9693815176077855e-09,8.689638210233097e-09,3.2690506109876074e-09
1177,2.9693815176077855e-09,8.689638210233097e-09,3.2690506109876074e-09
1178,2.9693815176077855e-09,8.689638210233097e-09,3.2690506109876074e-09
1179,2.9693815176077855e-09,8.689638210233097e-09,3.2690506109876074e-09
1180,2.9693815176077855e-09,8.689638210233097e-09,3.2690506109876074e-09
1181,2.9693815176077855e-09,8.689638210233097e-09,3.2690506109876074e-09
1182,2.9693815176077855e-09,8.689638210233097e-09,3.2690506109876074e-09
1183,2.9693815176077855e-09,8.689638210233097e-09,3.2690506109876074e-09
1184,2.9693815176077855e-09,8.689638210233097e-09,3.2690506109876074e-09
1185,2.9693815176077855e-09,8.689638210233097e-09,3.2690506109876074e-09
1186,2.9693815176077855e-09,8.689638210233097e-09,3.2690506109876074e-09
1187,2.9693815176077855e-09,8.689638210233097e-09,3.2690506109876074e-09
1188,2.9693815176077855e-09,8.689638210233097e-09,3.2690506109876074e-09
1189,2.9693815176077855e-09,8.689638210233097e-09,3.2690506109876074e-09
1190,2.9693815176077855e-09,8.689638210233097e-09,3.2690506109876074e-09
1191,2.9693815176077855e-09,8.689638210233097e-09,3.2690506109876074e-09
1192,2.9693815176077855e-09,8.689638210233097e-09,3.2690506109876074e-09
1193,2.9693815176077855e-09,8.689638210233097e-09,3.2690506109876074e-09
1194,2.9693815176077855e-09,8.689638210233097e-09,3.2690506109876074e-09
1195,2.9693815176077855e-09,8.689638210233097e-09,3.2690506109876074e-09
1196,2.9693815176077855e-09,8.689638210233097e-09,3.2690506109876074e-09
1197,2.9693815176077855e-09,8.689638210233097e-09,3.2690506109876074e-09
1198,2.9693815176077855e-09,8.689638210233097e-09,3.2690506109876074e-09
1199,2.9693815176077855e-09,8.689638210233097e-09,3.2690506109876074e-09
